0.985306 0.000107 -0.170796 -0.000105 1.000000 0.000018 0.170796 0.000000 0.985306 -3.541825 1.190545 18.404103
0.986826 0.000080 -0.161784 -0.000078 1.000000 0.000013 0.161784 -0.000000 0.986826 -3.592205 1.239045 19.025572
0.996327 0.000102 -0.085627 -0.000101 1.000000 0.000009 0.085627 -0.000000 0.996327 -3.547137 1.213477 18.919361
0.990256 0.000084 -0.139259 -0.000083 1.000000 0.000012 0.139259 -0.000000 0.990256 -3.513373 1.204823 18.387150
0.999694 0.000066 -0.024724 -0.000066 1.000000 0.000002 0.024724 -0.000000 0.999694 -3.576586 1.205379 18.953072
0.990445 0.000076 -0.137910 -0.000075 1.000000 0.000010 0.137910 -0.000000 0.990445 -3.509645 1.185420 18.352850
0.991435 0.000108 -0.130598 -0.000107 1.000000 0.000014 0.130598 0.000000 0.991435 -3.466177 1.164548 17.996306
0.991685 0.000117 -0.128690 -0.000116 1.000000 0.000015 0.128690 0.000000 0.991685 -3.543184 1.204723 18.538750
0.995390 0.000272 -0.095907 -0.000271 1.000000 0.000026 0.095907 -0.000000 0.995390 -3.415869 1.141000 17.596425
0.996910 0.000112 -0.078558 -0.000111 1.000000 0.000009 0.078558 -0.000000 0.996910 -3.530680 1.216623 18.563078
0.969233 0.000305 -0.246145 -0.000295 1.000000 0.000075 0.246145 0.000000 0.969233 -3.343917 1.169213 16.716342
0.978317 0.000077 -0.207115 -0.000076 1.000000 0.000016 0.207115 0.000000 0.978317 -3.428588 1.204366 17.735314
0.994501 0.000094 -0.104724 -0.000094 1.000000 0.000010 0.104724 0.000000 0.994501 -3.424887 1.221471 18.087947
0.996485 0.000103 -0.083773 -0.000103 1.000000 0.000009 0.083773 0.000000 0.996485 -3.382970 1.209963 17.794789
0.984349 0.000228 -0.176228 -0.000225 1.000000 0.000040 0.176228 -0.000000 0.984349 -3.313477 1.215976 17.179569
0.987927 0.000081 -0.154918 -0.000080 1.000000 0.000013 0.154918 0.000000 0.987927 -3.334785 1.251893 17.531511
0.998163 0.000052 -0.060580 -0.000052 1.000000 0.000003 0.060580 -0.000000 0.998163 -3.455989 1.288725 18.471344
0.982923 0.000088 -0.184019 -0.000087 1.000000 0.000016 0.184019 0.000000 0.982923 -3.392711 1.294571 17.808572
0.986918 0.000071 -0.161224 -0.000070 1.000000 0.000011 0.161224 0.000000 0.986918 -3.411574 1.289878 17.746533
0.976487 0.000080 -0.215576 -0.000078 1.000000 0.000017 0.215576 0.000000 0.976487 -3.383141 1.295716 17.487839
0.999402 0.000101 -0.034577 -0.000101 1.000000 0.000003 0.034577 -0.000000 0.999402 -3.429733 1.313335 18.075186
0.996159 0.000110 -0.087557 -0.000110 1.000000 0.000010 0.087557 -0.000000 0.996159 -3.308002 1.248656 17.132103
0.988343 0.000131 -0.152246 -0.000130 1.000000 0.000020 0.152246 -0.000000 0.988343 -3.357191 1.296193 17.320792
0.980243 0.000097 -0.197796 -0.000095 1.000000 0.000019 0.197796 -0.000000 0.980243 -3.249439 1.237782 16.738039
0.997109 0.000118 -0.075983 -0.000117 1.000000 0.000009 0.075983 -0.000000 0.997109 -3.248683 1.221264 16.963403
0.977014 0.000203 -0.213174 -0.000199 1.000000 0.000043 0.213174 0.000000 0.977014 -3.215657 1.223667 16.305875
0.988579 0.000237 -0.150707 -0.000234 1.000000 0.000036 0.150707 -0.000000 0.988579 -3.278700 1.228853 16.619300
0.998216 0.000203 -0.059705 -0.000202 1.000000 0.000012 0.059705 -0.000000 0.998216 -3.236541 1.194684 16.566803
0.980231 0.000112 -0.197855 -0.000110 1.000000 0.000022 0.197855 -0.000000 0.980231 -3.169276 1.181419 15.896497
0.981677 0.000099 -0.190551 -0.000097 1.000000 0.000019 0.190551 -0.000000 0.981677 -3.171473 1.166761 15.672547
0.985990 0.000093 -0.166803 -0.000091 1.000000 0.000015 0.166803 -0.000000 0.985990 -3.255719 1.221649 16.261972
0.989846 0.000093 -0.142146 -0.000092 1.000000 0.000013 0.142146 -0.000000 0.989846 -3.146996 1.186029 15.571000
0.992774 0.000076 -0.119999 -0.000076 1.000000 0.000009 0.119999 -0.000000 0.992774 -3.184696 1.213312 15.726256
0.996047 0.000076 -0.088832 -0.000076 1.000000 0.000007 0.088832 -0.000000 0.996047 -3.239036 1.236073 15.794289
0.997391 0.000180 -0.072193 -0.000180 1.000000 0.000013 0.072193 -0.000000 0.997391 -3.158208 1.247101 15.379892
0.976265 0.000114 -0.216581 -0.000112 1.000000 0.000025 0.216581 0.000000 0.976265 -3.145206 1.256148 14.684228
0.996263 0.000101 -0.086367 -0.000101 1.000000 0.000009 0.086367 -0.000000 0.996263 -3.301525 1.341117 15.764353
0.994873 0.000088 -0.101135 -0.000088 1.000000 0.000009 0.101135 -0.000000 0.994873 -3.239643 1.296383 15.157336
0.995191 0.000078 -0.097957 -0.000078 1.000000 0.000008 0.097957 -0.000000 0.995191 -3.319775 1.304440 15.449775
0.979435 0.000127 -0.201761 -0.000124 1.000000 0.000026 0.201761 0.000000 0.979435 -3.285045 1.283847 14.907339
0.999772 0.000117 -0.021366 -0.000117 1.000000 0.000003 0.021366 -0.000000 0.999772 -3.367935 1.261388 15.339819
0.973018 0.000126 -0.230730 -0.000123 1.000000 0.000029 0.230730 0.000000 0.973018 -3.271850 1.208308 14.190747
0.992608 0.000236 -0.121363 -0.000234 1.000000 0.000029 0.121363 0.000000 0.992608 -3.318328 1.203044 14.590556
0.997048 0.000089 -0.076784 -0.000089 1.000000 0.000007 0.076784 -0.000000 0.997048 -3.409943 1.243796 15.146056
0.985870 0.000154 -0.167512 -0.000152 1.000000 0.000026 0.167512 0.000000 0.985870 -3.346314 1.187956 14.329806
0.989176 0.000300 -0.146732 -0.000297 1.000000 0.000044 0.146732 0.000000 0.989176 -3.388702 1.211649 14.531458
0.991807 0.000363 -0.127747 -0.000360 1.000000 0.000046 0.127747 0.000000 0.991807 -3.361061 1.205179 14.383350
0.993382 0.000231 -0.114860 -0.000229 1.000000 0.000026 0.114860 0.000000 0.993382 -3.325516 1.168221 13.962189
0.970795 0.000252 -0.239911 -0.000245 1.000000 0.000060 0.239911 0.000000 0.970795 -3.409050 1.210831 13.994222
0.986719 0.000160 -0.162434 -0.000158 1.000000 0.000026 0.162434 -0.000000 0.986719 -3.574737 1.267019 15.161242
0.992035 0.000178 -0.125963 -0.000177 1.000000 0.000022 0.125963 -0.000000 0.992035 -3.442639 1.216168 14.418072
0.974711 0.000308 -0.223469 -0.000300 1.000000 0.000069 0.223469 0.000000 0.974711 -3.329828 1.178590 13.432542
0.982076 0.000464 -0.188484 -0.000456 1.000000 0.000088 0.188484 -0.000000 0.982076 -3.332688 1.194191 13.517978
0.984977 0.000118 -0.172684 -0.000117 1.000000 0.000020 0.172684 0.000000 0.984977 -3.473080 1.159971 13.718606
0.999615 0.000368 -0.027754 -0.000368 1.000000 0.000010 0.027754 0.000000 0.999615 -3.459956 1.207797 14.353228
0.970038 0.000234 -0.242955 -0.000227 1.000000 0.000057 0.242955 -0.000000 0.970038 -3.267873 1.111060 12.737903
0.982306 0.000367 -0.187285 -0.000360 1.000000 0.000069 0.187285 0.000000 0.982306 -3.317388 1.164988 13.411956
0.992908 0.000279 -0.118883 -0.000277 1.000000 0.000033 0.118883 0.000000 0.992908 -3.482549 1.219398 14.477031
0.997128 0.000366 -0.075736 -0.000365 1.000000 0.000028 0.075736 0.000000 0.997128 -3.447746 1.211725 14.531047
0.980854 0.000314 -0.194746 -0.000308 1.000000 0.000061 0.194746 0.000000 0.980854 -3.365349 1.205945 13.916503
0.987233 0.000244 -0.159280 -0.000241 1.000000 0.000039 0.159280 0.000000 0.987234 -3.370401 1.190662 14.111528
0.992249 0.000391 -0.124266 -0.000388 1.000000 0.000049 0.124266 -0.000000 0.992249 -3.467361 1.217334 14.583250
0.998877 0.000266 -0.047371 -0.000266 1.000000 0.000013 0.047371 -0.000000 0.998877 -3.432401 1.193426 14.777222
0.977519 0.000367 -0.210848 -0.000358 1.000000 0.000077 0.210848 0.000000 0.977519 -3.436714 1.205371 14.418639
0.965932 0.000181 -0.258795 -0.000174 1.000000 0.000047 0.258795 0.000000 0.965932 -3.488119 1.243376 14.764625
0.984206 0.000437 -0.177027 -0.000430 1.000000 0.000077 0.177027 0.000000 0.984206 -3.506401 1.270773 15.197706
0.996059 0.000113 -0.088688 -0.000113 1.000000 0.000010 0.088688 -0.000000 0.996059 -3.579519 1.288387 16.038047
0.997483 0.000204 -0.070907 -0.000204 1.000000 0.000015 0.070907 -0.000000 0.997483 -3.597241 1.277485 16.295817
0.995951 0.000153 -0.089897 -0.000152 1.000000 0.000014 0.089897 -0.000000 0.995951 -3.701951 1.317537 16.978794
0.991522 0.000301 -0.129939 -0.000298 1.000000 0.000039 0.129939 -0.000000 0.991522 -3.601362 1.286256 16.380564
0.987166 0.000170 -0.159700 -0.000168 1.000000 0.000027 0.159700 -0.000000 0.987166 -3.753737 1.356310 17.281897
0.996601 0.000127 -0.082382 -0.000127 1.000000 0.000011 0.082382 -0.000000 0.996601 -3.649037 1.280704 16.960622
0.990350 0.000112 -0.138588 -0.000111 1.000000 0.000016 0.138588 0.000000 0.990350 -3.809196 1.368037 17.753900
0.985297 0.000132 -0.170848 -0.000130 1.000000 0.000023 0.170848 -0.000000 0.985297 -3.759826 1.355409 17.548311
0.978920 0.000112 -0.204243 -0.000109 1.000000 0.000023 0.204243 -0.000000 0.978920 -3.811909 1.368789 17.611328
0.996441 0.000119 -0.084289 -0.000118 1.000000 0.000010 0.084289 0.000000 0.996441 -3.794047 1.347449 18.053692
0.997081 0.000139 -0.076357 -0.000139 1.000000 0.000011 0.076357 -0.000000 0.997081 -3.789142 1.315751 17.870658
0.973222 0.000185 -0.229867 -0.000180 1.000000 0.000042 0.229867 -0.000000 0.973222 -3.879642 1.357603 17.644483
0.966711 0.000092 -0.255870 -0.000089 1.000000 0.000024 0.255870 -0.000000 0.966711 -3.731823 1.297124 17.247161
0.995540 0.000124 -0.094340 -0.000123 1.000000 0.000012 0.094340 -0.000000 0.995540 -3.587503 1.218821 16.835731
0.998281 0.000073 -0.058603 -0.000073 1.000000 0.000004 0.058603 -0.000000 0.998281 -3.794456 1.292428 18.378136
0.971395 0.000116 -0.237471 -0.000112 1.000000 0.000027 0.237471 0.000000 0.971395 -3.821928 1.336704 17.948442
0.984490 0.000102 -0.175443 -0.000100 1.000000 0.000018 0.175443 -0.000000 0.984490 -3.661610 1.239326 17.172439
