0.989951 -0.000072 -0.141409 0.000071 1.000000 -0.000010 0.141409 -0.000000 0.989951 -0.757195 0.907074 41.278903
0.994648 0.000003 -0.103323 -0.000003 1.000000 0.000000 0.103323 0.000000 0.994648 0.695384 0.829943 37.978697
0.994568 0.000021 -0.104087 -0.000021 1.000000 0.000002 0.104087 0.000000 0.994568 0.678520 0.925993 37.461628
0.993188 -0.000090 -0.116519 0.000089 1.000000 -0.000010 0.116519 -0.000000 0.993188 -0.838902 0.879504 43.521264
0.991129 0.000208 -0.132906 -0.000206 1.000000 0.000028 0.132906 -0.000000 0.991129 -0.334908 1.173914 43.619108
0.988738 -0.000083 -0.149658 0.000082 1.000000 -0.000012 0.149658 0.000000 0.988738 -0.864027 0.963324 42.904172
0.992080 -0.000098 -0.125611 0.000098 1.000000 -0.000012 0.125611 0.000000 0.992080 0.061977 0.862421 37.480264
0.995637 -0.000095 -0.093313 0.000094 1.000000 -0.000009 0.093313 -0.000000 0.995637 -0.887801 1.003306 41.676739
0.993152 0.000115 -0.116826 -0.000114 1.000000 0.000013 0.116826 0.000000 0.993152 0.499136 0.902638 35.115578
0.996449 -0.000086 -0.084199 0.000086 1.000000 -0.000007 0.084199 0.000000 0.996449 -0.866789 0.962970 40.714800
0.987036 -0.000073 -0.160498 0.000072 1.000000 -0.000012 0.160498 0.000000 0.987036 -0.835039 1.021653 39.867239
0.998174 0.000094 -0.060400 -0.000094 1.000000 0.000006 0.060400 0.000000 0.998174 0.562161 1.003659 34.627056
0.986987 0.000075 -0.160803 -0.000074 1.000000 0.000012 0.160803 -0.000000 0.986987 -0.665390 1.195278 38.757550
0.992091 -0.000016 -0.125518 0.000015 1.000000 -0.000002 0.125518 -0.000000 0.992091 0.537673 1.040502 32.009522
0.993800 -0.000112 -0.111186 0.000111 1.000000 -0.000012 0.111186 -0.000000 0.993800 -0.870948 1.085266 37.876283
0.985452 -0.000089 -0.169953 0.000088 1.000000 -0.000015 0.169953 0.000000 0.985452 -0.903554 1.044188 38.198353
0.987239 -0.000073 -0.159249 0.000073 1.000000 -0.000012 0.159249 0.000000 0.987239 -0.872284 0.969820 38.831806
0.995154 -0.000083 -0.098326 0.000083 1.000000 -0.000008 0.098326 -0.000000 0.995154 -0.908096 1.031218 39.676039
0.986659 -0.000104 -0.162799 0.000103 1.000000 -0.000017 0.162799 -0.000000 0.986659 -0.950923 0.950670 40.079233
0.994176 -0.000089 -0.107766 0.000088 1.000000 -0.000010 0.107766 -0.000000 0.994176 -0.998292 0.926031 40.754678
0.990816 0.000371 -0.135216 -0.000368 1.000000 0.000050 0.135216 -0.000000 0.990816 -0.101594 1.025701 37.597900
0.993087 0.000022 -0.117383 -0.000022 1.000000 0.000003 0.117383 0.000000 0.993087 0.504420 0.925832 33.246678
0.992847 0.000047 -0.119391 -0.000046 1.000000 0.000006 0.119391 0.000000 0.992847 0.451511 0.741339 33.864642
0.992680 -0.000075 -0.120771 0.000074 1.000000 -0.000009 0.120771 0.000000 0.992680 -1.052644 0.771032 40.183919
0.994506 -0.000076 -0.104678 0.000075 1.000000 -0.000008 0.104678 0.000000 0.994506 -1.066016 0.746930 40.044589
0.987769 0.000081 -0.155923 -0.000080 1.000000 0.000013 0.155923 -0.000000 0.987769 -0.699840 0.770382 38.677756
0.996002 0.000063 -0.089329 -0.000063 1.000000 0.000006 0.089329 0.000000 0.996002 0.500893 0.811253 33.135564
0.992552 0.000018 -0.121825 -0.000018 1.000000 0.000002 0.121825 -0.000000 0.992552 0.486818 0.950755 31.710067
0.997484 0.000104 -0.070897 -0.000104 1.000000 0.000007 0.070897 0.000000 0.997484 0.490393 0.893544 32.451831
0.985028 -0.000056 -0.172395 0.000055 1.000000 -0.000010 0.172395 0.000000 0.985028 -1.042743 0.729844 38.267472
0.996323 0.000026 -0.085672 -0.000026 1.000000 0.000002 0.085672 0.000000 0.996323 0.409466 0.749745 31.457747
0.992173 0.000028 -0.124872 -0.000028 1.000000 0.000004 0.124872 -0.000000 0.992173 0.495617 0.896860 30.614000
0.988803 -0.000400 -0.149229 0.000396 1.000000 -0.000060 0.149229 0.000000 0.988803 -0.254618 0.790887 31.601667
0.984975 -0.000106 -0.172696 0.000104 1.000000 -0.000018 0.172696 0.000000 0.984975 -1.207263 0.945525 37.071856
0.988691 -0.000086 -0.149965 0.000085 1.000000 -0.000013 0.149965 0.000000 0.988691 -1.244191 0.962949 36.910992
0.991585 0.000006 -0.129456 -0.000006 1.000000 0.000001 0.129456 0.000000 0.991585 0.410869 0.775431 30.110103
0.995188 -0.000082 -0.097984 0.000082 1.000000 -0.000008 0.097984 0.000000 0.995188 -1.299893 0.961006 36.561964
0.995616 0.000026 -0.093533 -0.000026 1.000000 0.000002 0.093533 0.000000 0.995616 0.373236 0.805975 29.464892
0.993728 0.000020 -0.111823 -0.000020 1.000000 0.000002 0.111823 0.000000 0.993728 0.326018 0.909368 28.535456
0.991484 0.000078 -0.130229 -0.000077 1.000000 0.000010 0.130229 0.000000 0.991484 0.457429 0.987784 31.305403
0.999347 0.000020 -0.036121 -0.000020 1.000000 0.000001 0.036121 0.000000 0.999347 0.276471 0.874558 28.078350
0.997302 0.000014 -0.073412 -0.000014 1.000000 0.000001 0.073412 0.000000 0.997302 0.232973 0.975773 27.469072
0.999434 -0.000001 0.033640 0.000001 1.000000 0.000000 -0.033640 0.000000 0.999434 0.383622 1.122408 32.341486
0.999980 -0.000003 -0.006313 0.000003 1.000000 -0.000000 0.006313 -0.000000 0.999980 0.142865 0.848363 27.079561
0.999999 0.000010 -0.001373 -0.000010 1.000000 0.000000 0.001373 -0.000000 0.999999 0.156935 0.905241 26.433283
0.997805 0.000019 -0.066213 -0.000019 1.000000 0.000001 0.066213 0.000000 0.997805 0.128078 0.862530 26.764853
0.993557 0.000010 -0.113337 -0.000010 1.000000 0.000001 0.113337 0.000000 0.993557 0.136743 0.913707 26.098503
0.988102 0.000057 -0.153799 -0.000057 1.000000 0.000009 0.153799 0.000000 0.988102 0.066988 0.937671 27.120281
0.999912 0.000000 -0.013237 -0.000000 1.000000 0.000000 0.013237 -0.000000 0.999912 0.066613 0.927280 25.778253
0.996916 0.000021 -0.078471 -0.000021 1.000000 0.000002 0.078471 0.000000 0.996916 0.052052 0.904191 25.756317
0.987825 0.000003 -0.155569 -0.000003 1.000000 0.000000 0.155569 -0.000000 0.987825 0.063701 0.996276 25.106172
0.989206 -0.000009 -0.146530 0.000009 1.000000 -0.000001 0.146530 -0.000000 0.989206 0.071048 0.908177 26.130483
0.987495 0.000008 -0.157648 -0.000008 1.000000 0.000001 0.157648 0.000000 0.987495 0.029267 0.961595 25.055714
0.992738 0.000139 -0.120297 -0.000138 1.000000 0.000017 0.120297 -0.000000 0.992738 -1.280466 1.355130 31.772111
0.987867 0.000004 -0.155299 -0.000004 1.000000 0.000001 0.155299 0.000000 0.987867 0.026476 0.967849 25.051836
0.999854 0.000002 -0.017111 -0.000002 1.000000 0.000000 0.017111 -0.000000 0.999854 -2.022888 1.595434 31.848122
0.989343 0.000007 -0.145605 -0.000007 1.000000 0.000001 0.145605 0.000000 0.989343 -0.004489 0.914561 24.941808
0.997927 0.000014 -0.064355 -0.000014 1.000000 0.000001 0.064355 0.000000 0.997927 -0.001099 0.974174 24.664583
0.982469 -0.000019 -0.186424 0.000018 1.000000 -0.000003 0.186424 0.000000 0.982469 -1.577810 1.187183 31.254150
0.988730 0.000001 -0.149707 -0.000001 1.000000 0.000000 0.149707 0.000000 0.988730 -1.529322 1.199203 31.432525
0.985772 -0.000026 -0.168090 0.000026 1.000000 -0.000004 0.168090 0.000000 0.985772 -0.205607 0.989219 24.347961
0.999797 0.000061 -0.020157 -0.000061 1.000000 0.000001 0.020157 -0.000000 0.999797 -1.485498 1.266973 31.755569
0.999947 0.000009 0.010284 -0.000009 1.000000 -0.000000 -0.010284 -0.000000 0.999947 -1.531804 1.118220 31.782078
0.995766 0.000013 -0.091923 -0.000013 1.000000 0.000001 0.091923 0.000000 0.995766 0.001757 0.944105 24.805944
0.999408 0.000032 -0.034392 -0.000032 1.000000 0.000001 0.034392 -0.000000 0.999408 0.015218 0.986827 24.724936
0.986584 0.000002 -0.163253 -0.000002 1.000000 0.000000 0.163253 0.000000 0.986584 -0.004494 0.987440 24.279361
0.985633 0.000063 -0.168902 -0.000062 1.000000 0.000011 0.168902 -0.000000 0.985633 -0.093220 0.949857 24.137356
0.994849 -0.000120 -0.101369 0.000119 1.000000 -0.000012 0.101369 0.000000 0.994849 -1.627636 1.187685 30.828122
0.995413 0.000012 -0.095675 -0.000012 1.000000 0.000001 0.095675 0.000000 0.995413 0.083272 0.982631 25.108464
0.990346 -0.000002 -0.138617 0.000002 1.000000 -0.000000 0.138617 -0.000000 0.990346 0.075674 0.986992 24.503839
0.999951 0.000012 -0.009922 -0.000012 1.000000 0.000000 0.009922 -0.000000 0.999951 0.064374 0.945589 23.449914
0.991115 -0.000122 -0.133007 0.000121 1.000000 -0.000016 0.133007 0.000000 0.991115 -1.547180 1.220787 29.972453
0.990701 0.000004 -0.136054 -0.000004 1.000000 0.000001 0.136054 0.000000 0.990701 0.075103 1.035601 23.496489
0.992011 0.000026 -0.126154 -0.000026 1.000000 0.000003 0.126154 0.000000 0.992011 0.108677 1.016498 23.580664
0.989738 0.000008 -0.142897 -0.000008 1.000000 0.000001 0.142897 0.000000 0.989738 0.104808 1.006864 23.596375
0.982648 -0.000157 -0.185478 0.000155 1.000000 -0.000029 0.185478 -0.000000 0.982649 -0.021194 1.039042 24.332250
0.997856 0.000025 -0.065449 -0.000025 1.000000 0.000002 0.065449 0.000000 0.997856 0.155758 1.024666 24.154525
0.978169 0.000267 -0.207812 -0.000261 1.000000 0.000055 0.207812 0.000000 0.978169 -0.691259 1.232699 27.828789
0.998152 0.000022 -0.060763 -0.000022 1.000000 0.000001 0.060763 0.000000 0.998152 0.209007 1.043984 23.963003
0.988256 0.000003 -0.152804 -0.000003 1.000000 0.000001 0.152804 0.000000 0.988256 0.209311 1.062060 23.466075
0.999000 -0.000003 -0.044702 0.000003 1.000000 -0.000000 0.044702 -0.000000 0.999000 0.176348 1.054654 21.893583
0.993897 -0.000001 -0.110314 0.000001 1.000000 -0.000000 0.110314 -0.000000 0.993897 0.221058 1.046114 22.482294
0.988915 0.000010 -0.148485 -0.000010 1.000000 0.000001 0.148485 0.000000 0.988915 0.210517 1.027607 21.567206
0.999918 0.000035 -0.012786 -0.000035 1.000000 0.000000 0.012786 -0.000000 0.999918 0.217231 1.021201 21.363686
0.990088 0.000036 -0.140451 -0.000036 1.000000 0.000005 0.140451 0.000000 0.990088 0.261264 1.009996 21.429319
0.983812 0.000037 -0.179205 -0.000036 1.000000 0.000007 0.179205 -0.000000 0.983812 0.265549 1.027788 21.149583
0.999914 0.000300 0.013125 -0.000300 1.000000 -0.000004 -0.013125 0.000000 0.999914 -0.309143 1.527971 28.182497
0.992114 0.000034 -0.125336 -0.000034 1.000000 0.000004 0.125336 -0.000000 0.992114 0.279219 0.968842 21.202642
0.999999 0.000041 -0.001594 -0.000041 1.000000 0.000000 0.001594 -0.000000 0.999999 0.278747 1.035095 21.234747
0.994034 0.000031 -0.109071 -0.000031 1.000000 0.000003 0.109071 -0.000000 0.994034 0.255218 1.038319 21.270806
0.988748 0.000044 0.149590 -0.000044 1.000000 -0.000007 -0.149590 -0.000000 0.988748 -0.563163 1.523765 28.014978
0.989288 0.000008 -0.145979 -0.000008 1.000000 0.000001 0.145979 0.000000 0.989288 0.250981 1.080822 21.354181
0.999949 0.000209 0.010089 -0.000209 1.000000 -0.000002 -0.010089 -0.000000 0.999949 -0.877790 1.533332 28.228089
0.999099 0.000007 -0.042435 -0.000007 1.000000 0.000000 0.042435 0.000000 0.999099 0.261945 1.179113 21.562478
0.992811 0.000041 -0.119696 -0.000041 1.000000 0.000005 0.119696 0.000000 0.992811 0.257393 1.187521 22.075986
0.995708 0.000014 -0.092546 -0.000014 1.000000 0.000001 0.092546 0.000000 0.995708 0.235194 1.163904 22.073472
0.996252 0.000035 -0.086496 -0.000035 1.000000 0.000003 0.086496 0.000000 0.996252 0.232707 1.110513 22.212764
0.989040 0.000025 -0.147646 -0.000025 1.000000 0.000004 0.147646 0.000000 0.989040 0.237464 1.118752 22.923003
0.993337 0.000020 -0.115249 -0.000020 1.000000 0.000002 0.115249 0.000000 0.993337 0.241967 1.030967 23.559625
0.983009 -0.000011 -0.183559 0.000011 1.000000 -0.000002 0.183559 0.000000 0.983009 0.113204 1.006935 21.845181
0.995418 0.000009 -0.095620 -0.000009 1.000000 0.000001 0.095620 0.000000 0.995418 0.229336 1.011543 22.833822
0.992926 0.000444 -0.118737 -0.000440 1.000000 0.000052 0.118737 0.000000 0.992926 -0.226018 1.449382 30.345800
0.989135 0.000243 -0.147013 -0.000241 1.000000 0.000036 0.147013 -0.000000 0.989135 0.452642 1.294610 29.363664
0.986594 0.000018 -0.163192 -0.000017 1.000000 0.000003 0.163192 0.000000 0.986594 0.229937 1.040165 24.079000
0.993352 0.000172 -0.115115 -0.000171 1.000000 0.000020 0.115115 -0.000000 0.993352 -1.050958 1.331988 31.629125
0.996199 0.000652 -0.087105 -0.000649 1.000000 0.000057 0.087105 -0.000000 0.996199 -0.202971 0.943650 25.583817
0.995612 -0.000150 -0.093582 0.000149 1.000000 -0.000014 0.093582 -0.000000 0.995612 -1.362417 1.165100 32.588175
0.988440 0.000041 -0.151610 -0.000041 1.000000 0.000006 0.151610 0.000000 0.988440 0.241988 1.000541 25.446128
0.988806 0.000071 -0.149208 -0.000070 1.000000 0.000011 0.149208 0.000000 0.988806 0.266895 0.981076 25.792953
0.999856 0.000039 -0.016951 -0.000039 1.000000 0.000001 0.016951 -0.000000 0.999856 0.270781 0.990559 26.026775
0.992826 0.000280 -0.119571 -0.000278 1.000000 0.000033 0.119571 0.000000 0.992826 0.178479 1.380654 32.626350
0.993371 -0.000031 -0.114955 0.000031 1.000000 -0.000004 0.114955 0.000000 0.993371 -1.250499 1.184805 32.348958
0.998162 0.000015 -0.060610 -0.000015 1.000000 0.000001 0.060610 0.000000 0.998162 0.187965 0.965459 25.552736
0.996090 -0.000064 -0.088349 0.000064 1.000000 -0.000006 0.088349 0.000000 0.996090 -1.369557 1.143535 31.864953
0.988660 0.000016 -0.150173 -0.000015 1.000000 0.000002 0.150173 0.000000 0.988660 0.187706 0.882497 26.406656
0.999998 0.000123 -0.002184 -0.000123 1.000000 0.000000 0.002184 -0.000000 0.999998 -1.096958 1.284398 32.915556
0.984701 0.000104 -0.174254 -0.000103 1.000000 0.000018 0.174254 0.000000 0.984701 -0.986511 1.111363 33.036728
0.999128 0.000289 -0.041756 -0.000289 1.000000 0.000012 0.041756 -0.000000 0.999128 -0.846869 1.396236 33.909719
0.999939 0.000020 -0.011020 -0.000020 1.000000 0.000000 0.011020 -0.000000 0.999939 0.185775 1.024598 27.418350
0.996484 -0.000027 -0.083778 0.000027 1.000000 -0.000002 0.083778 0.000000 0.996484 -1.319309 1.202750 34.044506
0.990692 0.000051 -0.136123 -0.000051 1.000000 0.000007 0.136123 0.000000 0.990692 0.033219 0.945323 26.631794
0.993083 0.000004 -0.117415 -0.000004 1.000000 0.000001 0.117415 0.000000 0.993083 0.060992 0.952211 26.412328
0.979959 0.000085 -0.199198 -0.000083 1.000000 0.000017 0.199198 0.000000 0.979959 -1.220257 1.102317 29.910281
0.993236 -0.000051 -0.116113 0.000050 1.000000 -0.000006 0.116113 0.000000 0.993236 -1.442256 1.211630 32.785867
0.988127 0.000015 -0.153640 -0.000015 1.000000 0.000002 0.153640 0.000000 0.988127 0.047897 1.015031 28.752403
0.988658 0.000125 -0.150184 -0.000124 1.000000 0.000019 0.150184 -0.000000 0.988658 0.110796 1.310801 31.581433
0.994998 -0.000096 -0.099899 0.000096 1.000000 -0.000010 0.099899 0.000000 0.994998 -1.533522 1.129100 33.077575
0.979384 -0.000073 -0.202008 0.000072 1.000000 -0.000015 0.202008 0.000000 0.979384 -1.489093 1.046900 32.746389
0.997233 0.000022 -0.074343 -0.000022 1.000000 0.000002 0.074343 0.000000 0.997233 -0.084973 1.093086 29.430886
0.994612 -0.000026 -0.103672 0.000026 1.000000 -0.000003 0.103672 -0.000000 0.994612 -0.115732 1.167280 27.133619
0.995585 -0.000109 -0.093861 0.000109 1.000000 -0.000010 0.093861 0.000000 0.995585 -1.595075 1.241145 32.874086
0.983331 0.000264 -0.181822 -0.000260 1.000000 0.000048 0.181822 0.000000 0.983331 -1.101260 1.164524 31.799544
0.998093 -0.000000 -0.061722 0.000000 1.000000 -0.000000 0.061722 -0.000000 0.998093 -0.187799 1.121492 28.004069
0.990581 0.000001 -0.136926 -0.000001 1.000000 0.000000 0.136926 0.000000 0.990581 -0.184286 1.083814 29.813558
0.979599 -0.000065 -0.200964 0.000063 1.000000 -0.000013 0.200964 0.000000 0.979599 -1.673469 1.331941 32.138789
0.987653 -0.000005 -0.156659 0.000005 1.000000 -0.000001 0.156659 -0.000000 0.987653 -0.245798 1.078162 28.793881
0.994685 0.000012 -0.102966 -0.000011 1.000000 0.000001 0.102966 -0.000000 0.994685 -1.594439 1.277473 33.021308
0.993470 0.000001 -0.114097 -0.000001 1.000000 0.000000 0.114097 0.000000 0.993470 -0.303238 1.007230 27.475417
0.993414 -0.000011 -0.114584 0.000011 1.000000 -0.000001 0.114584 -0.000000 0.993414 -0.320659 1.125900 27.612939
0.994056 0.000002 -0.108867 -0.000002 1.000000 0.000000 0.108867 0.000000 0.994056 -0.274411 1.127721 27.566275
0.999333 0.000004 -0.036507 -0.000004 1.000000 0.000000 0.036507 0.000000 0.999333 -0.329130 0.983751 27.364269
