0.992478 0.000103 -0.122422 -0.000102 1.000000 0.000013 0.122422 0.000000 0.992478 -2.753033 0.990777 22.520169
0.984322 0.000080 -0.176379 -0.000078 1.000000 0.000014 0.176379 0.000000 0.984322 -2.774766 0.996966 21.737922
0.999213 0.000096 -0.039660 -0.000096 1.000000 0.000004 0.039660 0.000000 0.999213 -2.772621 0.982617 21.611756
0.984121 0.000213 -0.177501 -0.000209 1.000000 0.000038 0.177501 0.000000 0.984121 -2.969950 1.020266 21.824708
0.982908 0.000180 -0.184096 -0.000177 1.000000 0.000033 0.184096 0.000000 0.982908 -2.975599 1.033983 21.166928
0.998764 0.000133 -0.049695 -0.000133 1.000000 0.000007 0.049695 0.000000 0.998764 -2.926413 1.090234 21.205361
0.992211 0.000222 -0.124571 -0.000220 1.000000 0.000028 0.124571 0.000000 0.992211 -2.745952 1.071736 18.893564
0.981179 0.000290 -0.193099 -0.000284 1.000000 0.000056 0.193099 0.000000 0.981179 -2.822816 1.040769 18.408542
0.994066 0.000256 -0.108781 -0.000255 1.000000 0.000028 0.108781 0.000000 0.994066 -2.800699 1.083668 18.079122
0.985317 0.000242 -0.170737 -0.000239 1.000000 0.000041 0.170737 0.000000 0.985317 -2.751469 1.098402 17.361306
0.985014 0.000284 -0.172472 -0.000280 1.000000 0.000049 0.172472 0.000000 0.985014 -2.735788 1.120490 16.757156
0.984795 0.000324 -0.173723 -0.000319 1.000000 0.000056 0.173723 0.000000 0.984795 -2.742294 1.118779 16.217836
0.985990 0.000261 -0.166807 -0.000257 1.000000 0.000043 0.166807 0.000000 0.985990 -2.740842 1.117482 16.015875
0.997401 0.000350 -0.072048 -0.000349 1.000000 0.000025 0.072048 0.000000 0.997401 -2.713977 1.133648 15.726261
0.993787 0.000477 -0.111295 -0.000474 1.000000 0.000053 0.111295 -0.000000 0.993787 -2.743791 1.103146 15.173775
0.988399 0.000523 -0.151877 -0.000517 1.000000 0.000080 0.151877 -0.000000 0.988399 -2.751089 1.089959 14.856681
0.996301 0.000236 -0.085932 -0.000235 1.000000 0.000020 0.085932 -0.000000 0.996301 -2.898792 1.130395 15.979078
0.964900 0.000718 -0.262615 -0.000693 1.000000 0.000189 0.262615 -0.000000 0.964901 -2.816488 1.072971 13.645325
0.990217 0.000637 -0.139537 -0.000631 1.000000 0.000089 0.139537 -0.000000 0.990217 -2.740641 1.076085 13.882381
0.984724 0.000773 -0.174121 -0.000761 1.000000 0.000135 0.174122 -0.000000 0.984724 -2.700523 1.064062 12.947325
0.992177 0.000823 -0.124839 -0.000816 1.000000 0.000103 0.124839 -0.000000 0.992177 -2.687974 1.054823 12.579114
0.993807 0.000839 -0.111117 -0.000834 1.000000 0.000093 0.111117 0.000000 0.993807 -2.738699 1.076012 12.432956
0.971325 0.001068 -0.237752 -0.001038 0.999999 0.000254 0.237752 0.000000 0.971326 -2.666366 1.048683 11.025792
0.996261 0.000949 -0.086394 -0.000945 1.000000 0.000082 0.086394 -0.000000 0.996261 -2.704414 1.063655 11.626871
0.984262 0.001224 -0.176708 -0.001205 0.999999 0.000217 0.176709 -0.000000 0.984263 -2.725521 1.039351 11.054555
0.993489 0.001261 -0.113924 -0.001252 0.999999 0.000144 0.113924 -0.000000 0.993489 -2.703204 1.059272 10.824820
0.982131 0.001252 -0.188193 -0.001229 0.999999 0.000236 0.188193 -0.000000 0.982132 -2.705241 1.052431 10.135659
0.995236 0.001278 -0.097486 -0.001271 0.999999 0.000125 0.097486 -0.000000 0.995237 -2.593737 1.065157 9.817097
0.981795 0.001509 -0.189938 -0.001481 0.999999 0.000287 0.189938 -0.000001 0.981796 -2.637045 1.049511 9.419626
0.991667 0.001414 -0.128817 -0.001403 0.999999 0.000183 0.128817 -0.000000 0.991668 -2.641796 1.066208 9.424068
0.991443 0.001637 -0.130531 -0.001623 0.999999 0.000214 0.130531 -0.000001 0.991444 -2.566322 1.073892 8.974012
0.999545 0.001659 -0.030107 -0.001658 0.999999 0.000050 0.030107 -0.000000 0.999547 -2.575350 1.087619 9.099506
0.997810 0.001793 -0.066114 -0.001789 0.999998 0.000119 0.066114 -0.000001 0.997812 -2.648368 1.079488 9.003909
0.984494 0.001858 -0.175411 -0.001829 0.999998 0.000326 0.175411 -0.000000 0.984495 -2.575331 1.055829 8.275308
0.982222 0.002275 -0.187710 -0.002235 0.999997 0.000428 0.187710 -0.000001 0.982224 -2.589509 1.056869 8.245025
0.998422 0.002173 -0.056114 -0.002169 0.999998 0.000123 0.056114 -0.000001 0.998424 -2.593459 1.066913 8.599648
0.987512 0.002473 -0.157522 -0.002441 0.999997 0.000392 0.157522 -0.000002 0.987515 -2.585653 1.060173 8.076204
0.984737 0.002337 -0.174033 -0.002301 0.999997 0.000408 0.174033 -0.000001 0.984740 -2.553518 1.061078 7.847223
0.994946 0.002198 -0.100383 -0.002187 0.999998 0.000222 0.100383 -0.000001 0.994949 -2.535137 1.067379 7.939261
0.994612 0.002190 -0.103649 -0.002178 0.999998 0.000228 0.103649 -0.000001 0.994614 -2.541115 1.078639 7.883513
0.994513 0.002204 -0.104593 -0.002191 0.999998 0.000232 0.104593 -0.000002 0.994515 -2.557894 1.079882 7.768394
0.992593 0.002241 -0.121468 -0.002224 0.999997 0.000274 0.121469 -0.000002 0.992595 -2.596454 1.092298 7.631190
0.989947 0.002529 -0.141414 -0.002504 0.999997 0.000359 0.141414 -0.000001 0.989950 -2.626539 1.074280 7.443388
0.992807 0.001982 -0.119706 -0.001967 0.999998 0.000238 0.119706 -0.000001 0.992809 -2.652059 1.082094 7.594208
0.994208 0.002045 -0.107452 -0.002033 0.999998 0.000221 0.107452 -0.000001 0.994210 -2.651523 1.098927 7.666866
0.994471 0.002041 -0.104996 -0.002029 0.999998 0.000215 0.104997 -0.000001 0.994473 -2.677225 1.090409 7.558276
0.998349 0.002303 -0.057395 -0.002299 0.999997 0.000133 0.057395 -0.000001 0.998352 -2.642887 1.094804 7.585158
0.996761 0.002505 -0.080385 -0.002497 0.999997 0.000203 0.080385 -0.000002 0.996764 -2.674431 1.101578 7.513694
0.999945 0.002271 -0.010235 -0.002271 0.999997 0.000024 0.010235 -0.000001 0.999948 -2.672901 1.086003 7.542781
0.986199 0.003135 -0.165536 -0.003092 0.999995 0.000519 0.165537 -0.000000 0.986204 -2.615992 1.068240 6.722402
0.998477 0.003441 -0.055067 -0.003436 0.999994 0.000189 0.055067 0.000000 0.998483 -2.653872 1.078335 7.017828
0.995938 0.003654 -0.089965 -0.003639 0.999993 0.000329 0.089966 0.000000 0.995945 -2.684388 1.083991 6.778202
0.995193 0.003574 -0.097869 -0.003557 0.999994 0.000350 0.097870 0.000000 0.995199 -2.681426 1.079856 6.598250
0.996169 0.003475 -0.087383 -0.003462 0.999994 0.000304 0.087384 0.000000 0.996175 -2.687341 1.069582 6.543498
0.988765 0.003560 -0.149437 -0.003520 0.999994 0.000532 0.149438 0.000000 0.988771 -2.702756 1.042692 6.122148
0.983029 0.003052 -0.183426 -0.003000 0.999995 0.000559 0.183427 0.000000 0.983033 -2.764416 1.063046 6.068741
0.998333 0.002908 -0.057642 -0.002903 0.999996 0.000169 0.057642 -0.000001 0.998337 -2.912606 1.156201 6.798496
0.997547 0.001985 -0.069967 -0.001980 0.999998 0.000139 0.069967 -0.000000 0.997549 -3.153688 1.249515 7.102956
0.993796 0.001395 -0.111209 -0.001386 0.999999 0.000156 0.111209 -0.000001 0.993797 -3.077632 1.215757 6.771792
0.997362 0.000897 -0.072577 -0.000894 1.000000 0.000066 0.072577 -0.000001 0.997363 -3.139956 1.185922 6.903153
0.996537 0.001210 -0.083136 -0.001206 0.999999 0.000101 0.083136 0.000000 0.996538 -3.237353 1.230906 6.933444
0.993933 0.001988 -0.109969 -0.001976 0.999998 0.000217 0.109969 0.000002 0.993935 -3.207817 1.239681 6.713205
