0.995329 -0.000489 -0.096539 0.000487 1.000000 -0.000047 0.096539 -0.000000 0.995329 4.130735 1.294900 8.966593
0.974426 -0.000489 -0.224707 0.000476 1.000000 -0.000110 0.224707 0.000000 0.974426 4.150976 1.322201 9.760862
0.976571 -0.000338 -0.215195 0.000330 1.000000 -0.000073 0.215195 0.000000 0.976571 4.137886 1.330963 10.031372
0.964985 -0.000367 -0.262304 0.000354 1.000000 -0.000096 0.262304 -0.000000 0.964985 4.170271 1.375029 10.643161
0.951771 -0.000430 -0.306810 0.000409 1.000000 -0.000132 0.306810 -0.000000 0.951771 4.036684 1.320072 10.754746
0.972792 -0.000285 -0.231679 0.000277 1.000000 -0.000066 0.231679 -0.000000 0.972792 4.213909 1.391517 11.367400
0.995648 -0.000220 -0.093195 0.000219 1.000000 -0.000020 0.093195 -0.000000 0.995648 4.088940 1.332005 11.343234
0.995772 -0.000174 -0.091863 0.000174 1.000000 -0.000016 0.091863 -0.000000 0.995772 4.088547 1.314072 11.687348
0.994554 -0.000116 -0.104223 0.000115 1.000000 -0.000012 0.104223 -0.000000 0.994554 4.064638 1.302304 12.102033
0.984184 -0.000086 -0.177149 0.000085 1.000000 -0.000015 0.177149 -0.000000 0.984184 4.180073 1.327027 12.818050
0.973335 -0.000159 -0.229390 0.000155 1.000000 -0.000036 0.229390 -0.000000 0.973335 4.275170 1.340443 13.513531
0.967584 -0.000080 -0.252548 0.000077 1.000000 -0.000020 0.252548 -0.000000 0.967584 4.011295 1.312979 13.451214
0.991360 -0.000100 -0.131168 0.000100 1.000000 -0.000013 0.131168 -0.000000 0.991360 4.081413 1.363314 13.968258
0.984075 -0.000113 -0.177756 0.000111 1.000000 -0.000020 0.177756 -0.000000 0.984075 4.107492 1.380247 14.533592
0.993446 -0.000108 -0.114306 0.000107 1.000000 -0.000012 0.114306 -0.000000 0.993446 4.015406 1.355745 14.881275
0.987333 -0.000076 -0.158660 0.000075 1.000000 -0.000012 0.158660 -0.000000 0.987333 3.964215 1.300112 15.092683
0.973716 -0.000109 -0.227765 0.000106 1.000000 -0.000025 0.227765 -0.000000 0.973716 3.839502 1.305059 15.349050
0.987992 -0.000043 -0.154506 0.000043 1.000000 -0.000007 0.154506 -0.000000 0.987992 3.801237 1.318632 15.730458
0.988384 -0.000038 -0.151980 0.000038 1.000000 -0.000006 0.151980 -0.000000 0.988384 3.767385 1.352266 16.205347
0.976033 -0.000083 -0.217622 0.000081 1.000000 -0.000018 0.217622 -0.000000 0.976033 3.658055 1.330869 16.405786
0.988431 -0.000030 -0.151672 0.000030 1.000000 -0.000005 0.151672 -0.000000 0.988431 3.587965 1.318384 17.017617
0.988927 -0.000037 -0.148404 0.000037 1.000000 -0.000005 0.148404 -0.000000 0.988927 3.576511 1.290876 17.479936
0.994911 0.000001 -0.100760 -0.000001 1.000000 0.000000 0.100760 0.000000 0.994911 3.472095 1.281612 17.943256
0.991245 -0.000036 -0.132036 0.000036 1.000000 -0.000005 0.132036 -0.000000 0.991245 3.340842 1.290859 18.619647
0.984259 -0.000035 -0.176734 0.000035 1.000000 -0.000006 0.176734 -0.000000 0.984259 3.240909 1.273680 19.120672
0.979975 -0.000034 -0.199122 0.000034 1.000000 -0.000007 0.199122 -0.000000 0.979975 3.049313 1.254697 19.320000
0.997900 0.000018 -0.064770 -0.000018 1.000000 0.000001 0.064770 0.000000 0.997900 2.776707 1.217890 19.464933
0.996299 -0.000193 -0.085958 0.000192 1.000000 -0.000017 0.085958 -0.000000 0.996299 2.644368 1.161332 19.623081
0.995482 -0.000242 -0.094954 0.000241 1.000000 -0.000023 0.094954 -0.000000 0.995482 2.394397 1.117430 19.437867
0.988141 -0.000241 -0.153549 0.000238 1.000000 -0.000037 0.153549 -0.000000 0.988141 2.202829 1.117423 19.977000
0.986549 -0.000024 -0.163467 0.000023 1.000000 -0.000004 0.163467 -0.000000 0.986549 2.044519 1.222680 20.955614
0.990152 -0.000030 -0.139996 0.000030 1.000000 -0.000004 0.139996 -0.000000 0.990152 1.828799 1.231872 21.242786
0.996186 -0.000021 -0.087256 0.000021 1.000000 -0.000002 0.087256 -0.000000 0.996186 1.639714 1.273377 21.513717
0.998792 -0.000002 -0.049134 0.000002 1.000000 -0.000000 0.049134 -0.000000 0.998792 1.399520 1.282436 22.161350
0.998931 -0.000014 -0.046220 0.000014 1.000000 -0.000001 0.046220 -0.000000 0.998931 1.175783 1.265444 22.528622
0.997455 -0.000068 -0.071293 0.000068 1.000000 -0.000005 0.071293 -0.000000 0.997455 0.997857 1.180419 22.353700
0.996827 0.000002 -0.079594 -0.000002 1.000000 0.000000 0.079594 0.000000 0.996827 0.780691 1.254872 23.018778
0.996455 -0.000011 -0.084128 0.000011 1.000000 -0.000001 0.084128 -0.000000 0.996455 0.518956 1.274587 23.275594
0.992599 -0.000006 -0.121440 0.000006 1.000000 -0.000001 0.121440 -0.000000 0.992599 0.381985 1.278228 22.807542
0.997325 0.000006 -0.073101 -0.000006 1.000000 0.000000 0.073101 0.000000 0.997325 0.110686 1.194258 21.999072
0.996426 -0.000003 -0.084475 0.000003 1.000000 -0.000000 0.084475 -0.000000 0.996426 0.037606 1.167481 24.055694
