0.980291 -0.000561 -0.197557 0.000550 1.000000 -0.000111 0.197557 -0.000000 0.980291 3.620474 1.188290 9.084734
0.959166 -0.000457 -0.282842 0.000439 1.000000 -0.000129 0.282842 -0.000000 0.959166 3.611043 1.227978 9.614793
0.966339 -0.000809 -0.257272 0.000782 1.000000 -0.000208 0.257272 -0.000000 0.966339 3.152759 1.228687 9.634999
0.981968 -0.000254 -0.189048 0.000249 1.000000 -0.000048 0.189048 -0.000000 0.981968 2.828044 1.131665 9.516671
0.991243 -0.000126 -0.132047 0.000125 1.000000 -0.000016 0.132047 -0.000001 0.991243 2.576778 1.084414 9.564768
0.988422 -0.000380 -0.151728 0.000376 1.000000 -0.000058 0.151728 -0.000000 0.988422 2.316655 1.128543 9.808604
0.993683 -0.000274 -0.112223 0.000272 1.000000 -0.000031 0.112223 0.000000 0.993683 2.011105 1.085325 9.605614
0.994594 -0.000309 -0.103841 0.000308 1.000000 -0.000032 0.103841 0.000000 0.994594 1.939706 1.142186 10.134875
0.977371 -0.000385 -0.211533 0.000376 1.000000 -0.000081 0.211533 0.000000 0.977371 1.799793 1.136657 10.629959
0.975931 -0.000428 -0.218077 0.000418 1.000000 -0.000094 0.218077 0.000000 0.975932 1.478079 1.029967 10.188729
0.985935 -0.000843 -0.167129 0.000831 1.000000 -0.000141 0.167129 0.000000 0.985935 1.393178 0.970345 10.488488
0.990623 -0.000720 -0.136621 0.000713 1.000000 -0.000099 0.136621 0.000001 0.990623 1.396406 1.015763 11.481191
0.980626 -0.000153 -0.195889 0.000150 1.000000 -0.000030 0.195889 0.000000 0.980626 1.271385 0.987390 11.645428
0.987490 -0.000091 -0.157682 0.000090 1.000000 -0.000014 0.157682 0.000000 0.987490 1.061610 0.973231 11.638164
0.982256 -0.000202 -0.187545 0.000198 1.000000 -0.000038 0.187545 0.000000 0.982256 0.895026 1.006261 11.874189
0.985260 -0.000151 -0.171063 0.000148 1.000000 -0.000026 0.171063 0.000000 0.985260 0.826424 1.015328 12.202061
0.975013 -0.000080 -0.222146 0.000078 1.000000 -0.000018 0.222146 0.000000 0.975013 0.740844 1.021882 12.603542
0.995456 -0.000034 -0.095227 0.000034 1.000000 -0.000003 0.095227 -0.000000 0.995456 0.795376 1.111137 13.826625
0.998823 -0.000063 -0.048496 0.000063 1.000000 -0.000003 0.048496 -0.000000 0.998823 0.686915 1.059869 13.842389
0.998235 0.000073 -0.059381 -0.000073 1.000000 0.000004 0.059381 0.000000 0.998235 0.674975 1.144122 15.994472
0.974514 -0.000040 -0.224329 0.000039 1.000000 -0.000009 0.224329 -0.000000 0.974514 0.477980 1.249258 15.851342
0.990514 -0.000031 -0.137414 0.000031 1.000000 -0.000004 0.137414 -0.000000 0.990514 0.467480 1.127892 15.170297
0.996358 -0.000048 -0.085265 0.000047 1.000000 -0.000004 0.085265 -0.000000 0.996358 0.414613 1.102461 15.081878
0.999352 0.000062 -0.036000 -0.000062 1.000000 0.000002 0.036000 0.000000 0.999352 0.356996 1.140182 16.479758
0.996173 0.000025 -0.087407 -0.000025 1.000000 0.000002 0.087407 0.000000 0.996173 0.135269 1.168625 16.045247
0.999966 0.000002 -0.008246 -0.000002 1.000000 0.000000 0.008246 0.000000 0.999966 -0.007022 1.260442 15.959322
0.956377 -0.000091 -0.292135 0.000087 1.000000 -0.000027 0.292135 -0.000000 0.956377 -0.151257 1.757172 20.341672
0.995549 0.000039 -0.094247 -0.000039 1.000000 0.000004 0.094247 0.000000 0.995549 -0.187934 1.132103 16.141767
0.995667 -0.000229 -0.092987 0.000228 1.000000 -0.000021 0.092987 -0.000000 0.995667 -0.373539 1.039867 16.523728
0.981018 -0.000086 -0.193916 0.000085 1.000000 -0.000017 0.193916 -0.000000 0.981018 -0.317420 0.985596 17.607333
0.989546 0.000118 0.144219 -0.000117 1.000000 -0.000017 -0.144219 -0.000000 0.989546 -1.732533 1.540071 23.676697
0.990495 0.000246 0.137550 -0.000244 1.000000 -0.000033 -0.137550 -0.000000 0.990495 -2.007609 1.525839 23.718022
0.990939 -0.000110 -0.134315 0.000109 1.000000 -0.000015 0.134315 -0.000000 0.990939 -0.747634 1.172969 19.587175
0.990681 0.000047 -0.136204 -0.000046 1.000000 0.000006 0.136204 0.000000 0.990681 -0.742782 1.075923 20.030344
0.983443 0.000048 -0.181219 -0.000048 1.000000 0.000009 0.181219 0.000000 0.983443 -0.665853 1.216081 21.922156
0.953208 0.000566 -0.302314 -0.000539 1.000000 0.000172 0.302314 -0.000001 0.953208 -1.692748 1.527641 23.163578
0.999720 0.000213 0.023651 -0.000213 1.000000 -0.000005 -0.023651 -0.000000 0.999720 -2.199176 1.441558 24.381867
0.972155 0.000014 -0.234337 -0.000014 1.000000 0.000003 0.234337 0.000000 0.972155 -0.808572 1.102439 18.011997
0.997865 0.000228 0.065303 -0.000227 1.000000 -0.000015 -0.065303 -0.000000 0.997865 -2.221908 1.501299 24.867089
0.996451 0.000216 0.084177 -0.000215 1.000000 -0.000018 -0.084177 -0.000000 0.996451 -2.312284 1.357087 25.106611
0.992932 0.000113 -0.118682 -0.000112 1.000000 0.000013 0.118682 0.000000 0.992932 -0.768400 1.067052 20.276564
0.992098 0.000021 -0.125462 -0.000021 1.000000 0.000003 0.125462 0.000000 0.992098 -0.735841 1.086312 18.944061
0.992837 -0.000004 -0.119479 0.000004 1.000000 -0.000000 0.119479 -0.000000 0.992837 -0.714559 1.105159 19.743225
0.984964 -0.000109 -0.172758 0.000107 1.000000 -0.000019 0.172758 0.000000 0.984964 -2.254031 1.301950 25.759717
0.987875 0.000042 -0.155254 -0.000041 1.000000 0.000006 0.155254 0.000000 0.987875 -0.675574 1.080251 21.144156
0.986236 0.000015 -0.165345 -0.000014 1.000000 0.000002 0.165345 0.000000 0.986236 -0.585824 0.956088 19.966944
0.997794 0.000002 -0.066381 -0.000002 1.000000 0.000000 0.066381 0.000000 0.997794 -0.637940 0.955453 22.463169
0.972732 0.000298 -0.231934 -0.000290 1.000000 0.000069 0.231934 -0.000000 0.972732 -1.232551 1.308133 26.634742
0.971691 0.000116 -0.236257 -0.000113 1.000000 0.000028 0.236257 -0.000000 0.971691 -1.424471 1.057306 22.632247
0.999626 0.000294 -0.027352 -0.000294 1.000000 0.000008 0.027352 -0.000000 0.999626 -1.761337 1.231292 27.914283
0.990248 0.000152 -0.139315 -0.000150 1.000000 0.000021 0.139315 0.000000 0.990248 -0.772731 0.920579 23.285081
0.999718 -0.000137 0.023728 0.000137 1.000000 0.000003 -0.023728 0.000000 0.999718 -1.190658 0.788363 28.365039
0.995134 -0.000028 -0.098527 0.000028 1.000000 -0.000003 0.098527 0.000000 0.995134 -2.217079 1.185276 28.404717
0.997721 -0.000035 0.067480 0.000035 1.000000 0.000002 -0.067480 0.000000 0.997721 -0.794198 1.009807 26.886381
0.997688 -0.000397 0.067965 0.000396 1.000000 0.000027 -0.067965 0.000000 0.997688 -1.663656 0.699367 28.972228
0.997729 0.000218 -0.067362 -0.000217 1.000000 0.000015 0.067362 -0.000000 0.997729 -1.724461 0.849278 29.871003
0.992720 0.000211 0.120446 -0.000210 1.000000 -0.000025 -0.120446 -0.000000 0.992720 -1.713502 0.935436 30.912108
0.998983 0.000031 -0.045083 -0.000031 1.000000 0.000001 0.045083 0.000000 0.998983 -0.631820 1.199653 30.270189
0.988166 0.000010 0.153385 -0.000010 1.000000 -0.000002 -0.153385 0.000000 0.988166 -1.051146 0.886962 29.498461
0.999951 -0.000015 0.009884 0.000015 1.000000 0.000000 -0.009884 0.000000 0.999951 -0.798504 1.045248 25.963497
0.999973 -0.000243 0.007396 0.000243 1.000000 0.000002 -0.007396 0.000000 0.999973 -1.268552 1.142735 29.289892
0.991658 -0.000056 -0.128900 0.000055 1.000000 -0.000007 0.128900 0.000000 0.991658 -1.315877 0.855036 29.221411
0.991814 -0.000002 -0.127689 0.000002 1.000000 -0.000000 0.127689 -0.000000 0.991814 -0.742455 1.131115 28.352917
0.982366 -0.000015 -0.186967 0.000014 1.000000 -0.000003 0.186967 0.000000 0.982366 -0.796035 0.932667 29.343456
0.974621 0.000100 -0.223862 -0.000098 1.000000 0.000023 0.223862 -0.000000 0.974621 -1.640652 0.903261 29.326189
0.975776 0.000366 -0.218771 -0.000357 1.000000 0.000081 0.218771 -0.000001 0.975776 -1.643604 0.995614 29.744014
0.999932 0.000153 -0.011702 -0.000153 1.000000 0.000002 0.011702 -0.000000 0.999932 -1.846827 1.354132 30.821667
0.992205 0.000323 -0.124617 -0.000321 1.000000 0.000040 0.124617 -0.000000 0.992205 -1.016876 0.843019 30.984500
0.999996 0.000306 0.002765 -0.000306 1.000000 -0.000001 -0.002765 -0.000000 0.999996 -0.742824 0.880520 31.643131
0.997906 0.000140 -0.064679 -0.000139 1.000000 0.000009 0.064679 -0.000000 0.997906 -1.828517 1.272395 31.975675
0.987214 0.000073 -0.159400 -0.000072 1.000000 0.000012 0.159400 0.000000 0.987214 -0.405140 1.229154 31.451533
0.994838 0.000077 -0.101479 -0.000077 1.000000 0.000008 0.101479 0.000000 0.994838 -0.494275 1.042647 31.461378
0.986653 0.000084 -0.162837 -0.000083 1.000000 0.000014 0.162837 -0.000000 0.986653 -0.371170 1.397645 31.039431
0.991595 0.000191 0.129382 -0.000189 1.000000 -0.000025 -0.129382 -0.000000 0.991595 -1.233977 1.186432 31.081736
0.999580 0.000089 0.028988 -0.000089 1.000000 -0.000003 -0.028988 0.000000 0.999580 -0.566921 1.026813 31.056372
0.999743 0.000103 -0.022674 -0.000103 1.000000 0.000002 0.022674 -0.000000 0.999743 -1.629131 1.149770 31.310533
0.999525 0.000067 -0.030822 -0.000067 1.000000 0.000002 0.030822 0.000000 0.999525 -0.496540 1.067067 31.581781
0.994963 0.000239 -0.100239 -0.000238 1.000000 0.000024 0.100239 0.000000 0.994963 -0.457332 1.175190 31.719964
0.989797 0.000060 -0.142484 -0.000059 1.000000 0.000009 0.142484 0.000000 0.989797 -0.394976 1.263042 31.854311
0.990381 0.000318 -0.138368 -0.000315 1.000000 0.000044 0.138368 0.000000 0.990381 -0.508089 1.342558 32.147994
0.992749 -0.000006 -0.120204 0.000006 1.000000 -0.000001 0.120204 -0.000000 0.992749 -0.407235 1.236297 28.841369
0.999992 0.000412 -0.003944 -0.000412 1.000000 0.000002 0.003944 0.000000 0.999992 -0.636404 1.263973 32.698061
0.997884 0.000002 -0.065018 -0.000002 1.000000 0.000000 0.065018 0.000000 0.997884 -0.500376 1.146880 30.717700
0.998398 0.000159 -0.056573 -0.000159 1.000000 0.000009 0.056573 -0.000000 0.998398 -0.606212 1.179148 32.897436
0.988386 0.000014 -0.151961 -0.000014 1.000000 0.000002 0.151961 0.000000 0.988386 -0.500136 1.110056 30.090947
0.985698 0.000058 -0.168519 -0.000058 1.000000 0.000010 0.168519 -0.000000 0.985698 -1.643525 1.336602 33.195769
0.981399 0.000159 -0.191979 -0.000156 1.000000 0.000031 0.191979 -0.000000 0.981399 -1.623180 1.296386 33.622444
0.983637 0.000163 -0.180161 -0.000161 1.000000 0.000030 0.180161 -0.000000 0.983637 -1.349742 1.149051 34.264608
0.989680 0.000003 -0.143294 -0.000003 1.000000 0.000000 0.143294 0.000000 0.989680 -0.514700 0.971851 31.892694
0.999225 0.000148 0.039359 -0.000148 1.000000 -0.000006 -0.039359 -0.000000 0.999225 -1.530257 1.281101 36.003339
0.999897 -0.000004 -0.014372 0.000004 1.000000 -0.000000 0.014372 0.000000 0.999897 -1.285690 1.416205 35.908328
0.999874 0.000101 -0.015874 -0.000101 1.000000 0.000002 0.015874 -0.000000 0.999874 -1.577285 1.198579 35.805214
