0.984169 -0.000052 -0.177232 0.000051 1.000000 -0.000009 0.177232 -0.000000 0.984169 -1.367493 1.134150 31.810314
0.994643 -0.000011 -0.103365 0.000011 1.000000 -0.000001 0.103365 -0.000000 0.994643 -1.081568 1.263185 29.073758
0.999992 0.000349 -0.003926 -0.000349 1.000000 0.000002 0.003926 -0.000000 0.999992 -1.547614 1.577639 33.025519
0.980502 -0.000022 -0.196509 0.000022 1.000000 -0.000004 0.196509 0.000000 0.980502 -1.775239 1.076574 33.113014
0.998934 -0.000006 -0.046156 0.000006 1.000000 -0.000000 0.046156 -0.000000 0.998934 -0.942507 1.158435 29.410681
0.998582 0.000105 -0.053241 -0.000105 1.000000 0.000006 0.053241 0.000000 0.998582 -0.858039 1.198073 29.262631
0.999739 0.000156 -0.022855 -0.000156 1.000000 0.000004 0.022855 -0.000000 0.999739 -1.565833 1.301635 32.967667
0.999434 0.000586 -0.033640 -0.000586 1.000000 0.000020 0.033640 -0.000000 0.999434 -1.023964 1.573340 32.453025
0.999162 0.000227 -0.040941 -0.000226 1.000000 0.000009 0.040941 -0.000000 0.999162 -1.248252 1.153519 31.749222
0.975544 0.000060 -0.219806 -0.000058 1.000000 0.000013 0.219806 -0.000000 0.975544 -1.962299 1.361550 31.993722
0.997797 0.000298 -0.066342 -0.000298 1.000000 0.000020 0.066342 -0.000000 0.997797 -1.096036 1.222222 33.579164
0.994918 0.000037 -0.100692 -0.000037 1.000000 0.000004 0.100692 -0.000000 0.994918 -0.763375 1.338335 34.514936
0.999891 0.000202 0.014738 -0.000202 1.000000 -0.000003 -0.014738 -0.000000 0.999891 -0.871844 1.048720 31.002108
0.986223 0.000320 -0.165423 -0.000316 1.000000 0.000053 0.165423 -0.000000 0.986223 -1.316471 1.287695 36.482128
0.998906 0.000264 -0.046771 -0.000264 1.000000 0.000012 0.046771 -0.000000 0.998906 -0.736439 1.223558 36.286956
0.991727 0.000205 0.128363 -0.000203 1.000000 -0.000026 -0.128363 0.000000 0.991727 -0.457794 1.217689 35.542803
0.991863 0.000105 0.127307 -0.000104 1.000000 -0.000009 -0.127307 -0.000004 0.991863 -0.332650 1.183505 34.951294
0.995299 -0.000029 -0.096851 0.000029 1.000000 -0.000003 0.096851 -0.000000 0.995299 -0.307503 1.303108 34.837144
0.996522 0.000005 -0.083330 -0.000005 1.000000 0.000000 0.083330 0.000000 0.996522 -0.148593 0.901539 35.384822
0.996014 0.000228 -0.089200 -0.000227 1.000000 0.000020 0.089200 0.000000 0.996014 -0.401636 0.979873 38.153494
0.993664 -0.000018 -0.112390 0.000018 1.000000 -0.000002 0.112390 -0.000000 0.993664 -0.359566 0.585698 38.440400
0.996091 0.000340 -0.088327 -0.000338 1.000000 0.000030 0.088327 0.000000 0.996092 -0.840631 1.042835 36.594344
0.994680 0.000174 0.103010 -0.000173 1.000000 -0.000017 -0.103010 -0.000001 0.994680 -0.806523 1.382528 36.835269
0.989036 -0.000031 -0.147674 0.000030 1.000000 -0.000005 0.147674 -0.000000 0.989036 -0.371554 0.994956 36.710525
0.996682 0.000302 0.081391 -0.000301 1.000000 -0.000024 -0.081391 -0.000000 0.996682 -0.430635 1.368605 38.232306
0.995695 0.000013 -0.092688 -0.000013 1.000000 0.000001 0.092688 -0.000000 0.995695 -1.406212 0.924771 39.591364
0.999993 -0.000027 0.003857 0.000027 1.000000 0.000000 -0.003857 0.000000 0.999993 -0.359735 0.967727 39.726250
0.994945 0.000232 -0.100425 -0.000230 1.000000 0.000023 0.100425 0.000000 0.994945 -0.562671 1.285982 36.891022
0.998037 0.000244 -0.062622 -0.000243 1.000000 0.000015 0.062622 -0.000000 0.998037 -1.096916 1.161988 39.627131
0.997189 -0.000008 -0.074923 0.000008 1.000000 -0.000001 0.074923 -0.000000 0.997189 -0.541046 1.253532 33.710289
0.998197 0.000234 -0.060018 -0.000234 1.000000 0.000014 0.060018 0.000000 0.998197 -1.040737 1.024773 36.155417
0.996444 0.000062 -0.084252 -0.000062 1.000000 0.000005 0.084252 0.000000 0.996444 -0.797600 1.232104 36.923472
0.997702 0.000007 -0.067757 -0.000007 1.000000 0.000000 0.067757 0.000000 0.997702 -0.815986 0.832319 40.663319
0.996053 0.000063 -0.088759 -0.000063 1.000000 0.000006 0.088759 0.000000 0.996053 -1.011891 0.992950 44.946183
0.999349 0.000097 0.036073 -0.000097 1.000000 -0.000004 -0.036073 -0.000000 0.999349 -0.964805 0.761890 45.344731
0.999288 -0.000002 -0.037728 0.000002 1.000000 -0.000000 0.037728 0.000000 0.999288 -1.075841 0.724382 43.760550
0.999809 0.000208 -0.019542 -0.000208 1.000000 0.000004 0.019542 -0.000000 0.999809 -1.534950 0.924227 42.996694
0.993308 -0.000024 -0.115497 0.000024 1.000000 -0.000003 0.115497 0.000000 0.993308 -1.527998 0.865589 44.258653
0.990413 -0.000043 -0.138141 0.000043 1.000000 -0.000006 0.138141 0.000000 0.990413 -2.420571 0.952252 43.819675
0.999498 0.000272 -0.031677 -0.000272 1.000000 0.000009 0.031677 -0.000000 0.999498 -1.418981 1.188539 41.833467
0.999123 0.000076 0.041878 -0.000076 1.000000 -0.000003 -0.041878 -0.000000 0.999123 -1.643556 0.972161 42.753458
0.996590 0.000012 -0.082515 -0.000012 1.000000 0.000001 0.082515 0.000000 0.996590 -1.321548 1.115038 39.457467
0.996190 0.000014 -0.087213 -0.000014 1.000000 0.000001 0.087213 -0.000000 0.996190 -1.477776 0.968610 41.221922
0.992023 0.000086 -0.126060 -0.000086 1.000000 0.000011 0.126060 -0.000000 0.992023 -1.541936 0.997596 40.426411
0.998303 -0.000017 -0.058228 0.000017 1.000000 -0.000001 0.058228 -0.000000 0.998303 -1.124248 1.084361 40.014722
0.999972 -0.000014 -0.007544 0.000014 1.000000 -0.000000 0.007544 0.000000 0.999972 -1.160055 1.067045 39.471508
0.995380 0.000297 -0.096016 -0.000296 1.000000 0.000029 0.096016 -0.000000 0.995380 -1.519614 1.344974 40.081775
0.993055 -0.000025 -0.117655 0.000025 1.000000 -0.000003 0.117655 0.000000 0.993055 -1.285057 0.818441 40.839531
0.992344 0.000019 -0.123508 -0.000019 1.000000 0.000002 0.123508 0.000000 0.992344 -1.040815 1.028476 36.825808
0.991557 0.000124 -0.129673 -0.000123 1.000000 0.000016 0.129673 0.000000 0.991557 -1.724646 1.137185 39.664047
0.998943 0.000146 0.045960 -0.000146 1.000000 -0.000007 -0.045960 -0.000000 0.998943 -1.234910 1.076954 40.602314
0.994715 0.000096 -0.102676 -0.000096 1.000000 0.000010 0.102676 0.000000 0.994715 -1.392809 0.958170 38.436158
0.995577 -0.000003 -0.093953 0.000003 1.000000 -0.000000 0.093953 -0.000000 0.995577 -0.808956 0.976718 38.769761
0.997025 -0.000007 -0.077080 0.000007 1.000000 -0.000001 0.077080 -0.000000 0.997025 -1.002130 0.784637 39.919686
0.993530 -0.000042 -0.113571 0.000041 1.000000 -0.000005 0.113571 -0.000000 0.993530 -1.057382 0.928346 46.032778
0.996479 0.000246 -0.083844 -0.000245 1.000000 0.000021 0.083844 0.000000 0.996479 -1.116510 1.022888 44.566658
0.999978 0.000078 -0.006669 -0.000078 1.000000 0.000001 0.006669 0.000000 0.999978 -1.124463 0.703214 43.247936
0.993715 0.000086 -0.111940 -0.000086 1.000000 0.000010 0.111940 -0.000000 0.993715 -1.351711 0.712615 47.380453
0.999114 0.000091 -0.042090 -0.000091 1.000000 0.000004 0.042090 0.000000 0.999114 -0.847608 0.821787 47.294603
0.998395 -0.000001 -0.056640 0.000001 1.000000 -0.000000 0.056640 -0.000000 0.998395 -0.737048 0.721754 45.839447
0.999137 0.000083 -0.041540 -0.000083 1.000000 0.000003 0.041540 0.000000 0.999137 -0.749996 0.847092 45.407469
0.994929 0.000014 -0.100579 -0.000014 1.000000 0.000001 0.100579 0.000000 0.994929 -0.898435 0.594456 46.191872
0.996058 0.000030 -0.088703 -0.000030 1.000000 0.000003 0.088703 0.000000 0.996058 -0.771696 0.574527 44.494658
0.999382 -0.000024 -0.035158 0.000024 1.000000 -0.000001 0.035158 0.000000 0.999382 -0.717874 0.725692 43.020192
0.993445 0.000071 -0.114310 -0.000071 1.000000 0.000008 0.114310 0.000000 0.993445 -0.846290 1.019929 41.708364
0.996935 0.000120 -0.078230 -0.000120 1.000000 0.000009 0.078230 0.000000 0.996935 -0.846100 1.083573 38.499708
0.990176 0.000080 -0.139824 -0.000079 1.000000 0.000011 0.139824 -0.000000 0.990176 -1.490655 0.810051 42.521389
0.998753 0.000055 -0.049915 -0.000055 1.000000 0.000003 0.049915 0.000000 0.998753 -0.996974 0.910045 42.594978
0.993082 -0.000031 -0.117421 0.000031 1.000000 -0.000004 0.117421 -0.000000 0.993082 -0.923093 0.738657 43.020258
0.998780 0.000038 -0.049378 -0.000038 1.000000 0.000002 0.049378 -0.000000 0.998780 -0.766931 1.123676 38.345283
0.992245 0.000068 -0.124301 -0.000067 1.000000 0.000008 0.124301 0.000000 0.992245 -0.936098 0.851917 40.256383
0.997235 0.000103 -0.074314 -0.000103 1.000000 0.000008 0.074314 0.000000 0.997235 -0.708830 1.079640 36.764600
0.994833 0.000086 -0.101529 -0.000086 1.000000 0.000009 0.101529 0.000000 0.994833 -1.150414 0.728846 42.516569
0.996860 0.000089 -0.079186 -0.000089 1.000000 0.000007 0.079186 0.000000 0.996860 -0.781659 0.755967 43.945878
0.994511 0.000037 -0.104634 -0.000037 1.000000 0.000004 0.104634 -0.000000 0.994511 -0.805021 0.926376 42.435536
0.997729 0.000029 -0.067351 -0.000029 1.000000 0.000002 0.067351 0.000000 0.997729 -0.814857 0.703813 44.090581
0.999808 0.000128 -0.019586 -0.000128 1.000000 0.000003 0.019586 -0.000000 0.999808 -0.613063 0.958645 42.177861
0.996450 0.000015 -0.084186 -0.000015 1.000000 0.000001 0.084186 0.000000 0.996450 -0.755134 0.871252 46.013683
0.998437 0.000125 -0.055886 -0.000125 1.000000 0.000007 0.055886 0.000000 0.998437 -0.544150 1.082277 44.362636
0.999636 0.000135 0.026964 -0.000135 1.000000 -0.000004 -0.026964 -0.000000 0.999636 -0.527611 0.834721 42.498647
0.995165 -0.000014 -0.098222 0.000014 1.000000 -0.000001 0.098222 -0.000000 0.995165 -0.450588 0.900207 43.196556
0.999593 0.000004 -0.028528 -0.000004 1.000000 0.000000 0.028528 -0.000000 0.999593 -0.319001 0.889301 43.745817
0.996668 0.000105 -0.081564 -0.000105 1.000000 0.000009 0.081564 0.000000 0.996668 -1.011479 0.717929 44.710133
0.998603 0.000071 -0.052838 -0.000070 1.000000 0.000004 0.052838 0.000000 0.998603 -0.474693 0.699256 44.689372
0.994321 -0.000050 -0.106426 0.000050 1.000000 -0.000005 0.106426 -0.000000 0.994321 -1.425934 0.588592 49.649933
0.999023 -0.000014 -0.044184 0.000014 1.000000 -0.000001 0.044184 -0.000000 0.999023 -1.355849 0.773527 45.875967
0.993413 0.000010 -0.114588 -0.000010 1.000000 0.000001 0.114588 0.000000 0.993413 -0.596607 0.805618 41.908567
0.995609 0.000034 0.093604 -0.000034 1.000000 -0.000003 -0.093604 -0.000000 0.995609 -0.592407 0.906554 41.443261
0.989586 0.000082 -0.143942 -0.000081 1.000000 0.000012 0.143942 -0.000000 0.989586 -1.107702 1.067416 42.572444
0.995215 0.000098 -0.097711 -0.000097 1.000000 0.000010 0.097711 0.000000 0.995215 -0.813644 1.005242 42.664508
0.996796 0.000301 0.079985 -0.000300 1.000000 -0.000023 -0.079985 -0.000001 0.996796 -0.345269 1.436834 43.614289
0.999857 0.000068 -0.016896 -0.000068 1.000000 0.000001 0.016896 0.000000 0.999857 -0.292348 1.254490 40.506444
0.993272 0.000010 -0.115805 -0.000010 1.000000 0.000001 0.115805 0.000000 0.993272 -0.528583 1.186170 38.821417
0.996437 0.000026 -0.084339 -0.000026 1.000000 0.000002 0.084339 0.000000 0.996437 -0.401885 1.101182 39.673831
0.998204 0.000008 -0.059907 -0.000008 1.000000 0.000000 0.059907 0.000000 0.998204 -0.431059 1.091387 42.004956
0.997018 0.000076 0.077171 -0.000076 1.000000 -0.000006 -0.077171 -0.000000 0.997018 -0.904066 0.514718 45.572989
0.998790 0.000064 -0.049183 -0.000064 1.000000 0.000003 0.049183 0.000000 0.998790 -0.497054 0.724583 44.838753
0.995063 0.000017 -0.099241 -0.000017 1.000000 0.000002 0.099241 0.000000 0.995063 -0.729422 1.020998 45.291306
0.999808 -0.000021 -0.019599 0.000021 1.000000 -0.000000 0.019599 0.000000 0.999808 -0.587906 0.643012 44.435964
0.993554 0.000056 -0.113356 -0.000056 1.000000 0.000006 0.113356 0.000000 0.993554 -0.991020 0.730747 42.786631
0.998783 0.000079 -0.049315 -0.000079 1.000000 0.000004 0.049315 0.000000 0.998783 -0.662245 0.686843 40.113011
0.994459 0.000157 -0.105129 -0.000157 1.000000 0.000016 0.105129 0.000000 0.994459 -0.810264 1.187486 47.793800
0.996096 -0.000017 -0.088276 0.000017 1.000000 -0.000002 0.088276 -0.000000 0.996096 -0.534096 0.731645 45.789642
0.995843 0.000066 -0.091083 -0.000066 1.000000 0.000006 0.091083 0.000000 0.995843 -1.244783 0.425818 52.101022
0.996964 0.000084 -0.077860 -0.000084 1.000000 0.000007 0.077860 0.000000 0.996964 -0.794926 0.816887 49.234969
0.995960 -0.000008 -0.089794 0.000008 1.000000 -0.000001 0.089794 -0.000000 0.995960 -0.788725 0.828387 47.039922
0.999652 0.000002 -0.026378 -0.000002 1.000000 0.000000 0.026378 -0.000000 0.999652 -0.505582 0.869993 45.787414
0.999072 0.000031 -0.043060 -0.000031 1.000000 0.000001 0.043060 0.000000 0.999072 -0.574521 0.919470 41.862944
0.992087 0.000051 -0.125555 -0.000051 1.000000 0.000006 0.125555 -0.000000 0.992087 -1.098430 0.915176 42.343822
0.991544 0.000064 -0.129770 -0.000063 1.000000 0.000008 0.129770 -0.000000 0.991544 -1.296983 0.902346 46.038778
0.993527 0.000036 -0.113596 -0.000035 1.000000 0.000004 0.113596 -0.000000 0.993527 -0.765493 0.822253 43.841378
0.992568 -0.000080 -0.121690 0.000079 1.000000 -0.000010 0.121690 -0.000000 0.992568 -1.145821 0.633493 46.302231
0.999028 0.000006 -0.044084 -0.000006 1.000000 0.000000 0.044084 0.000000 0.999028 -0.391870 0.958305 40.401392
0.993007 0.000099 -0.118058 -0.000098 1.000000 0.000012 0.118058 0.000000 0.993007 -0.784314 0.892385 39.966069
0.999872 0.000032 -0.015995 -0.000032 1.000000 0.000001 0.015995 -0.000000 0.999872 -0.507220 1.146320 38.631789
0.998581 0.000059 0.053252 -0.000058 1.000000 -0.000003 -0.053252 -0.000000 0.998581 -0.496664 0.809162 40.801564
0.993071 0.000125 -0.117520 -0.000124 1.000000 0.000015 0.117520 0.000000 0.993071 -1.095081 0.837387 40.057617
0.991806 -0.000096 -0.127750 0.000096 1.000000 -0.000012 0.127750 0.000000 0.991806 -0.914333 0.979990 44.610475
0.995603 -0.000006 -0.093676 0.000006 1.000000 -0.000001 0.093676 -0.000000 0.995603 -0.445899 0.947489 41.473450
0.997265 0.000037 -0.073911 -0.000037 1.000000 0.000003 0.073911 0.000000 0.997265 -1.609458 0.582893 46.905183
0.998996 -0.000007 -0.044808 0.000007 1.000000 -0.000000 0.044808 -0.000000 0.998996 -1.932838 0.726994 51.016061
0.993653 -0.000042 -0.112491 0.000042 1.000000 -0.000005 0.112491 -0.000000 0.993653 -1.853299 0.685214 46.701625
0.993877 -0.000041 -0.110491 0.000041 1.000000 -0.000005 0.110491 0.000000 0.993877 -1.113717 1.049040 47.717017
0.994071 -0.000041 -0.108736 0.000041 1.000000 -0.000004 0.108736 -0.000000 0.994071 -0.894372 0.851722 41.878700
0.997043 -0.000017 -0.076840 0.000017 1.000000 -0.000001 0.076840 -0.000000 0.997043 -0.837073 0.948315 41.132639
0.993186 -0.000012 -0.116542 0.000012 1.000000 -0.000001 0.116542 0.000000 0.993186 -1.416631 0.635126 48.592803
0.999428 0.000197 0.033810 -0.000196 1.000000 -0.000005 -0.033810 -0.000001 0.999428 -1.115901 1.121977 51.508481
0.999739 0.000126 -0.022861 -0.000126 1.000000 0.000003 0.022861 -0.000000 0.999739 -0.963388 0.989599 43.921725
0.994380 0.000163 -0.105870 -0.000162 1.000000 0.000017 0.105870 -0.000000 0.994380 -1.156100 1.134028 47.265569
0.999407 -0.000011 -0.034428 0.000011 1.000000 -0.000000 0.034428 0.000000 0.999407 -1.107165 0.665148 40.883417
0.993205 -0.000038 -0.116376 0.000038 1.000000 -0.000004 0.116376 -0.000000 0.993205 -1.059820 0.848940 42.034850
0.991013 0.000014 -0.133765 -0.000013 1.000000 0.000002 0.133765 0.000000 0.991013 -1.481113 1.051164 40.800103
0.999986 -0.000036 -0.005222 0.000036 1.000000 -0.000000 0.005222 0.000000 0.999986 -1.023821 1.145464 39.979136
0.997235 0.000016 0.074306 -0.000016 1.000000 -0.000001 -0.074306 -0.000000 0.997235 -1.441713 1.181398 38.814853
0.991986 -0.000032 -0.126350 0.000032 1.000000 -0.000004 0.126350 0.000000 0.991986 -1.028642 0.984884 40.614267
0.993230 -0.000028 -0.116161 0.000027 1.000000 -0.000003 0.116161 0.000000 0.993230 -1.030998 0.964552 43.051778
0.991755 0.000056 -0.128147 -0.000056 1.000000 0.000007 0.128147 -0.000000 0.991755 -1.558319 0.883653 41.187331
0.999798 0.000012 0.020085 -0.000012 1.000000 -0.000000 -0.020085 0.000000 0.999798 -0.948088 0.867744 38.941108
0.990690 0.000107 -0.136140 -0.000106 1.000000 0.000015 0.136140 -0.000000 0.990690 -1.708069 1.085447 41.642197
0.999853 -0.000018 0.017154 0.000018 1.000000 0.000000 -0.017154 0.000000 0.999853 -1.596022 0.957519 41.654744
0.989872 -0.000047 -0.141963 0.000046 1.000000 -0.000007 0.141963 -0.000000 0.989872 -1.976285 0.793836 45.536675
0.992352 0.000005 -0.123440 -0.000005 1.000000 0.000001 0.123440 -0.000000 0.992352 -1.525461 0.718835 46.980936
0.999871 0.000033 -0.016086 -0.000033 1.000000 0.000001 0.016086 -0.000000 0.999871 -0.743047 0.534797 43.550331
0.999731 0.000120 -0.023189 -0.000120 1.000000 0.000003 0.023189 -0.000000 0.999731 -1.328114 0.671079 45.960600
0.998634 0.000031 -0.052247 -0.000031 1.000000 0.000002 0.052247 -0.000000 0.998634 -0.612822 0.691212 48.799086
0.999066 -0.000013 0.043212 0.000013 1.000000 0.000001 -0.043212 0.000000 0.999066 -0.445154 0.826549 41.495056
0.991991 0.000154 -0.126305 -0.000153 1.000000 0.000019 0.126305 -0.000000 0.991991 -0.986822 0.964194 40.853031
0.995858 0.000104 -0.090926 -0.000103 1.000000 0.000009 0.090926 0.000000 0.995858 -0.679699 0.703713 44.722711
0.999355 0.000097 -0.035923 -0.000097 1.000000 0.000003 0.035923 -0.000000 0.999355 -0.215514 0.736473 49.480511
