0.982747 0.000062 -0.184953 -0.000061 1.000000 0.000011 0.184953 0.000000 0.982747 -6.175189 1.539651 23.940464
0.990021 0.000074 -0.140918 -0.000073 1.000000 0.000010 0.140918 0.000000 0.990021 -6.166334 1.619616 23.212781
0.982846 0.000065 -0.184431 -0.000064 1.000000 0.000012 0.184431 0.000000 0.982846 -6.403442 1.559399 22.794936
0.979108 0.000090 -0.203341 -0.000088 1.000000 0.000018 0.203341 0.000000 0.979108 -6.635809 1.529292 22.022203
0.996601 0.000093 -0.082385 -0.000093 1.000000 0.000008 0.082385 -0.000000 0.996601 -6.623351 1.499627 21.746544
0.980532 0.000125 -0.196360 -0.000122 1.000000 0.000024 0.196360 -0.000000 0.980532 -6.944993 1.546751 20.717308
0.992984 0.000111 -0.118249 -0.000111 1.000000 0.000013 0.118249 -0.000000 0.992984 -6.748887 1.556746 19.627386
0.970752 0.000137 -0.240084 -0.000133 1.000000 0.000033 0.240084 -0.000000 0.970752 -6.754898 1.554711 17.548236
0.998600 0.000167 -0.052889 -0.000167 1.000000 0.000009 0.052889 0.000000 0.998600 -6.499171 1.557210 16.866264
0.982148 0.000137 -0.188109 -0.000134 1.000000 0.000026 0.188109 -0.000000 0.982148 -6.346972 1.495577 14.141975
0.983356 0.000182 -0.181691 -0.000179 1.000000 0.000033 0.181691 -0.000000 0.983356 -6.384022 1.506397 13.315408
0.989317 0.000231 -0.145782 -0.000229 1.000000 0.000034 0.145782 -0.000000 0.989317 -6.305536 1.480136 12.203281
0.972700 0.000163 -0.232068 -0.000159 1.000000 0.000038 0.232068 0.000000 0.972700 -6.190746 1.418289 10.351420
0.986323 0.000348 -0.164823 -0.000343 1.000000 0.000058 0.164823 -0.000001 0.986323 -6.179233 1.455883 9.706921
0.977068 0.000674 -0.212924 -0.000659 1.000000 0.000144 0.212925 0.000000 0.977069 -6.849417 1.653258 9.514214
