0.989951 -0.000072 -0.141409 0.000071 1.000000 -0.000010 0.141409 -0.000000 0.989951
0.994648 0.000003 -0.103323 -0.000003 1.000000 0.000000 0.103323 0.000000 0.994648
0.994568 0.000021 -0.104087 -0.000021 1.000000 0.000002 0.104087 0.000000 0.994568
0.993188 -0.000090 -0.116519 0.000089 1.000000 -0.000010 0.116519 -0.000000 0.993188
0.991129 0.000208 -0.132906 -0.000206 1.000000 0.000028 0.132906 -0.000000 0.991129
0.988738 -0.000083 -0.149658 0.000082 1.000000 -0.000012 0.149658 0.000000 0.988738
0.992080 -0.000098 -0.125611 0.000098 1.000000 -0.000012 0.125611 0.000000 0.992080
0.995637 -0.000095 -0.093313 0.000094 1.000000 -0.000009 0.093313 -0.000000 0.995637
0.993152 0.000115 -0.116826 -0.000114 1.000000 0.000013 0.116826 0.000000 0.993152
0.996449 -0.000086 -0.084199 0.000086 1.000000 -0.000007 0.084199 0.000000 0.996449
0.987036 -0.000073 -0.160498 0.000072 1.000000 -0.000012 0.160498 0.000000 0.987036
0.998174 0.000094 -0.060400 -0.000094 1.000000 0.000006 0.060400 0.000000 0.998174
0.986987 0.000075 -0.160803 -0.000074 1.000000 0.000012 0.160803 -0.000000 0.986987
0.992091 -0.000016 -0.125518 0.000015 1.000000 -0.000002 0.125518 -0.000000 0.992091
0.993800 -0.000112 -0.111186 0.000111 1.000000 -0.000012 0.111186 -0.000000 0.993800
0.985452 -0.000089 -0.169953 0.000088 1.000000 -0.000015 0.169953 0.000000 0.985452
0.987239 -0.000073 -0.159249 0.000073 1.000000 -0.000012 0.159249 0.000000 0.987239
0.995154 -0.000083 -0.098326 0.000083 1.000000 -0.000008 0.098326 -0.000000 0.995154
0.986659 -0.000104 -0.162799 0.000103 1.000000 -0.000017 0.162799 -0.000000 0.986659
0.994176 -0.000089 -0.107766 0.000088 1.000000 -0.000010 0.107766 -0.000000 0.994176
0.990816 0.000371 -0.135216 -0.000368 1.000000 0.000050 0.135216 -0.000000 0.990816
0.993087 0.000022 -0.117383 -0.000022 1.000000 0.000003 0.117383 0.000000 0.993087
0.992847 0.000047 -0.119391 -0.000046 1.000000 0.000006 0.119391 0.000000 0.992847
0.992680 -0.000075 -0.120771 0.000074 1.000000 -0.000009 0.120771 0.000000 0.992680
0.994506 -0.000076 -0.104678 0.000075 1.000000 -0.000008 0.104678 0.000000 0.994506
0.987769 0.000081 -0.155923 -0.000080 1.000000 0.000013 0.155923 -0.000000 0.987769
0.996002 0.000063 -0.089329 -0.000063 1.000000 0.000006 0.089329 0.000000 0.996002
0.992552 0.000018 -0.121825 -0.000018 1.000000 0.000002 0.121825 -0.000000 0.992552
0.997484 0.000104 -0.070897 -0.000104 1.000000 0.000007 0.070897 0.000000 0.997484
0.985028 -0.000056 -0.172395 0.000055 1.000000 -0.000010 0.172395 0.000000 0.985028
0.996323 0.000026 -0.085672 -0.000026 1.000000 0.000002 0.085672 0.000000 0.996323
0.992173 0.000028 -0.124872 -0.000028 1.000000 0.000004 0.124872 -0.000000 0.992173
0.988803 -0.000400 -0.149229 0.000396 1.000000 -0.000060 0.149229 0.000000 0.988803
0.984975 -0.000106 -0.172696 0.000104 1.000000 -0.000018 0.172696 0.000000 0.984975
0.988691 -0.000086 -0.149965 0.000085 1.000000 -0.000013 0.149965 0.000000 0.988691
0.991585 0.000006 -0.129456 -0.000006 1.000000 0.000001 0.129456 0.000000 0.991585
0.995188 -0.000082 -0.097984 0.000082 1.000000 -0.000008 0.097984 0.000000 0.995188
0.995616 0.000026 -0.093533 -0.000026 1.000000 0.000002 0.093533 0.000000 0.995616
0.993728 0.000020 -0.111823 -0.000020 1.000000 0.000002 0.111823 0.000000 0.993728
0.991484 0.000078 -0.130229 -0.000077 1.000000 0.000010 0.130229 0.000000 0.991484
0.999347 0.000020 -0.036121 -0.000020 1.000000 0.000001 0.036121 0.000000 0.999347
0.997302 0.000014 -0.073412 -0.000014 1.000000 0.000001 0.073412 0.000000 0.997302
0.999434 -0.000001 0.033640 0.000001 1.000000 0.000000 -0.033640 0.000000 0.999434
0.999980 -0.000003 -0.006313 0.000003 1.000000 -0.000000 0.006313 -0.000000 0.999980
0.999999 0.000010 -0.001373 -0.000010 1.000000 0.000000 0.001373 -0.000000 0.999999
0.997805 0.000019 -0.066213 -0.000019 1.000000 0.000001 0.066213 0.000000 0.997805
0.993557 0.000010 -0.113337 -0.000010 1.000000 0.000001 0.113337 0.000000 0.993557
0.988102 0.000057 -0.153799 -0.000057 1.000000 0.000009 0.153799 0.000000 0.988102
0.999912 0.000000 -0.013237 -0.000000 1.000000 0.000000 0.013237 -0.000000 0.999912
0.996916 0.000021 -0.078471 -0.000021 1.000000 0.000002 0.078471 0.000000 0.996916
0.987825 0.000003 -0.155569 -0.000003 1.000000 0.000000 0.155569 -0.000000 0.987825
0.989206 -0.000009 -0.146530 0.000009 1.000000 -0.000001 0.146530 -0.000000 0.989206
0.987495 0.000008 -0.157648 -0.000008 1.000000 0.000001 0.157648 0.000000 0.987495
0.992738 0.000139 -0.120297 -0.000138 1.000000 0.000017 0.120297 -0.000000 0.992738
0.987867 0.000004 -0.155299 -0.000004 1.000000 0.000001 0.155299 0.000000 0.987867
0.999854 0.000002 -0.017111 -0.000002 1.000000 0.000000 0.017111 -0.000000 0.999854
0.989343 0.000007 -0.145605 -0.000007 1.000000 0.000001 0.145605 0.000000 0.989343
0.997927 0.000014 -0.064355 -0.000014 1.000000 0.000001 0.064355 0.000000 0.997927
0.982469 -0.000019 -0.186424 0.000018 1.000000 -0.000003 0.186424 0.000000 0.982469
0.988730 0.000001 -0.149707 -0.000001 1.000000 0.000000 0.149707 0.000000 0.988730
0.985772 -0.000026 -0.168090 0.000026 1.000000 -0.000004 0.168090 0.000000 0.985772
0.999797 0.000061 -0.020157 -0.000061 1.000000 0.000001 0.020157 -0.000000 0.999797
0.999947 0.000009 0.010284 -0.000009 1.000000 -0.000000 -0.010284 -0.000000 0.999947
0.995766 0.000013 -0.091923 -0.000013 1.000000 0.000001 0.091923 0.000000 0.995766
0.999408 0.000032 -0.034392 -0.000032 1.000000 0.000001 0.034392 -0.000000 0.999408
0.986584 0.000002 -0.163253 -0.000002 1.000000 0.000000 0.163253 0.000000 0.986584
0.985633 0.000063 -0.168902 -0.000062 1.000000 0.000011 0.168902 -0.000000 0.985633
0.994849 -0.000120 -0.101369 0.000119 1.000000 -0.000012 0.101369 0.000000 0.994849
0.995413 0.000012 -0.095675 -0.000012 1.000000 0.000001 0.095675 0.000000 0.995413
0.990346 -0.000002 -0.138617 0.000002 1.000000 -0.000000 0.138617 -0.000000 0.990346
0.999951 0.000012 -0.009922 -0.000012 1.000000 0.000000 0.009922 -0.000000 0.999951
0.991115 -0.000122 -0.133007 0.000121 1.000000 -0.000016 0.133007 0.000000 0.991115
0.990701 0.000004 -0.136054 -0.000004 1.000000 0.000001 0.136054 0.000000 0.990701
0.992011 0.000026 -0.126154 -0.000026 1.000000 0.000003 0.126154 0.000000 0.992011
0.989738 0.000008 -0.142897 -0.000008 1.000000 0.000001 0.142897 0.000000 0.989738
0.982648 -0.000157 -0.185478 0.000155 1.000000 -0.000029 0.185478 -0.000000 0.982649
0.997856 0.000025 -0.065449 -0.000025 1.000000 0.000002 0.065449 0.000000 0.997856
0.978169 0.000267 -0.207812 -0.000261 1.000000 0.000055 0.207812 0.000000 0.978169
0.998152 0.000022 -0.060763 -0.000022 1.000000 0.000001 0.060763 0.000000 0.998152
0.988256 0.000003 -0.152804 -0.000003 1.000000 0.000001 0.152804 0.000000 0.988256
0.999000 -0.000003 -0.044702 0.000003 1.000000 -0.000000 0.044702 -0.000000 0.999000
0.993897 -0.000001 -0.110314 0.000001 1.000000 -0.000000 0.110314 -0.000000 0.993897
0.988915 0.000010 -0.148485 -0.000010 1.000000 0.000001 0.148485 0.000000 0.988915
0.999918 0.000035 -0.012786 -0.000035 1.000000 0.000000 0.012786 -0.000000 0.999918
0.990088 0.000036 -0.140451 -0.000036 1.000000 0.000005 0.140451 0.000000 0.990088
0.983812 0.000037 -0.179205 -0.000036 1.000000 0.000007 0.179205 -0.000000 0.983812
0.999914 0.000300 0.013125 -0.000300 1.000000 -0.000004 -0.013125 0.000000 0.999914
0.992114 0.000034 -0.125336 -0.000034 1.000000 0.000004 0.125336 -0.000000 0.992114
0.999999 0.000041 -0.001594 -0.000041 1.000000 0.000000 0.001594 -0.000000 0.999999
0.994034 0.000031 -0.109071 -0.000031 1.000000 0.000003 0.109071 -0.000000 0.994034
0.988748 0.000044 0.149590 -0.000044 1.000000 -0.000007 -0.149590 -0.000000 0.988748
0.989288 0.000008 -0.145979 -0.000008 1.000000 0.000001 0.145979 0.000000 0.989288
0.999949 0.000209 0.010089 -0.000209 1.000000 -0.000002 -0.010089 -0.000000 0.999949
0.999099 0.000007 -0.042435 -0.000007 1.000000 0.000000 0.042435 0.000000 0.999099
0.992811 0.000041 -0.119696 -0.000041 1.000000 0.000005 0.119696 0.000000 0.992811
0.995708 0.000014 -0.092546 -0.000014 1.000000 0.000001 0.092546 0.000000 0.995708
0.996252 0.000035 -0.086496 -0.000035 1.000000 0.000003 0.086496 0.000000 0.996252
0.989040 0.000025 -0.147646 -0.000025 1.000000 0.000004 0.147646 0.000000 0.989040
0.993337 0.000020 -0.115249 -0.000020 1.000000 0.000002 0.115249 0.000000 0.993337
0.983009 -0.000011 -0.183559 0.000011 1.000000 -0.000002 0.183559 0.000000 0.983009
0.995418 0.000009 -0.095620 -0.000009 1.000000 0.000001 0.095620 0.000000 0.995418
0.992926 0.000444 -0.118737 -0.000440 1.000000 0.000052 0.118737 0.000000 0.992926
0.989135 0.000243 -0.147013 -0.000241 1.000000 0.000036 0.147013 -0.000000 0.989135
0.986594 0.000018 -0.163192 -0.000017 1.000000 0.000003 0.163192 0.000000 0.986594
0.993352 0.000172 -0.115115 -0.000171 1.000000 0.000020 0.115115 -0.000000 0.993352
0.996199 0.000652 -0.087105 -0.000649 1.000000 0.000057 0.087105 -0.000000 0.996199
0.995612 -0.000150 -0.093582 0.000149 1.000000 -0.000014 0.093582 -0.000000 0.995612
0.988440 0.000041 -0.151610 -0.000041 1.000000 0.000006 0.151610 0.000000 0.988440
0.988806 0.000071 -0.149208 -0.000070 1.000000 0.000011 0.149208 0.000000 0.988806
0.999856 0.000039 -0.016951 -0.000039 1.000000 0.000001 0.016951 -0.000000 0.999856
0.992826 0.000280 -0.119571 -0.000278 1.000000 0.000033 0.119571 0.000000 0.992826
0.993371 -0.000031 -0.114955 0.000031 1.000000 -0.000004 0.114955 0.000000 0.993371
0.998162 0.000015 -0.060610 -0.000015 1.000000 0.000001 0.060610 0.000000 0.998162
0.996090 -0.000064 -0.088349 0.000064 1.000000 -0.000006 0.088349 0.000000 0.996090
0.988660 0.000016 -0.150173 -0.000015 1.000000 0.000002 0.150173 0.000000 0.988660
0.999998 0.000123 -0.002184 -0.000123 1.000000 0.000000 0.002184 -0.000000 0.999998
0.984701 0.000104 -0.174254 -0.000103 1.000000 0.000018 0.174254 0.000000 0.984701
0.999128 0.000289 -0.041756 -0.000289 1.000000 0.000012 0.041756 -0.000000 0.999128
0.999939 0.000020 -0.011020 -0.000020 1.000000 0.000000 0.011020 -0.000000 0.999939
0.996484 -0.000027 -0.083778 0.000027 1.000000 -0.000002 0.083778 0.000000 0.996484
0.990692 0.000051 -0.136123 -0.000051 1.000000 0.000007 0.136123 0.000000 0.990692
0.993083 0.000004 -0.117415 -0.000004 1.000000 0.000001 0.117415 0.000000 0.993083
0.979959 0.000085 -0.199198 -0.000083 1.000000 0.000017 0.199198 0.000000 0.979959
0.993236 -0.000051 -0.116113 0.000050 1.000000 -0.000006 0.116113 0.000000 0.993236
0.988127 0.000015 -0.153640 -0.000015 1.000000 0.000002 0.153640 0.000000 0.988127
0.988658 0.000125 -0.150184 -0.000124 1.000000 0.000019 0.150184 -0.000000 0.988658
0.994998 -0.000096 -0.099899 0.000096 1.000000 -0.000010 0.099899 0.000000 0.994998
0.979384 -0.000073 -0.202008 0.000072 1.000000 -0.000015 0.202008 0.000000 0.979384
0.997233 0.000022 -0.074343 -0.000022 1.000000 0.000002 0.074343 0.000000 0.997233
0.994612 -0.000026 -0.103672 0.000026 1.000000 -0.000003 0.103672 -0.000000 0.994612
0.995585 -0.000109 -0.093861 0.000109 1.000000 -0.000010 0.093861 0.000000 0.995585
0.983331 0.000264 -0.181822 -0.000260 1.000000 0.000048 0.181822 0.000000 0.983331
0.998093 -0.000000 -0.061722 0.000000 1.000000 -0.000000 0.061722 -0.000000 0.998093
0.990581 0.000001 -0.136926 -0.000001 1.000000 0.000000 0.136926 0.000000 0.990581
0.979599 -0.000065 -0.200964 0.000063 1.000000 -0.000013 0.200964 0.000000 0.979599
0.987653 -0.000005 -0.156659 0.000005 1.000000 -0.000001 0.156659 -0.000000 0.987653
0.994685 0.000012 -0.102966 -0.000011 1.000000 0.000001 0.102966 -0.000000 0.994685
0.993470 0.000001 -0.114097 -0.000001 1.000000 0.000000 0.114097 0.000000 0.993470
0.993414 -0.000011 -0.114584 0.000011 1.000000 -0.000001 0.114584 -0.000000 0.993414
0.994056 0.000002 -0.108867 -0.000002 1.000000 0.000000 0.108867 0.000000 0.994056
0.999333 0.000004 -0.036507 -0.000004 1.000000 0.000000 0.036507 0.000000 0.999333
